Calculating solvability percentage...
[Lower Bound, Upper Bound] | (Solvable/Unsolvable/Intractable) | Current seed

[16.749, 100.000] | (1/0/0) | 0
[29.022, 100.000] | (2/0/0) | 1
[38.252, 100.000] | (3/0/0) | 2
[45.404, 100.000] | (4/0/0) | 3
[51.094, 100.000] | (5/0/0) | 4
[55.721, 100.000] | (6/0/0) | 5
[59.555, 100.000] | (7/0/0) | 6
[62.782, 100.000] | (8/0/0) | 7
[65.535, 100.000] | (9/0/0) | 8
[57.403, 100.000] | (9/1/0) | 9
[60.093, 100.000] | (10/1/0) | 10
[62.466, 100.000] | (11/1/0) | 11
[56.535, 96.904] | (11/2/0) | 12
[58.810, 97.239] | (12/2/0) | 13
[60.861, 97.521] | (13/2/0) | 14
[62.718, 97.761] | (14/2/0) | 15
[64.409, 97.966] | (15/2/0) | 16
[65.954, 98.144] | (16/2/0) | 17
[61.597, 95.317] | (16/3/0) | 18
[63.115, 95.606] | (17/3/0) | 19
[64.518, 95.865] | (18/3/0) | 20
[65.819, 96.096] | (19/3/0) | 21
[67.029, 96.306] | (20/3/0) | 22
[68.156, 96.495] | (21/3/0) | 23
[69.210, 96.667] | (22/3/0) | 24
[70.196, 96.825] | (23/3/0) | 25
[71.121, 96.969] | (24/3/0) | 26
[67.892, 94.919] | (24/4/0) | 27
[68.824, 95.119] | (25/4/0) | 28
[69.704, 95.305] | (26/4/0) | 29
[66.888, 93.384] | (26/5/0) | 30
[67.768, 93.613] | (27/5/0) | 31
[68.602, 93.828] | (28/5/0) | 32
[69.394, 94.028] | (29/5/0) | 33
[70.148, 94.216] | (30/5/0) | 34
[70.865, 94.393] | (31/5/0) | 35
[71.549, 94.560] | (32/5/0) | 36
[72.201, 94.718] | (33/5/0) | 37
[72.825, 94.866] | (34/5/0) | 38
[73.421, 95.007] | (35/5/0) | 39
[73.992, 95.140] | (36/5/0) | 40
[74.539, 95.267] | (37/5/0) | 41
[75.063, 95.387] | (38/5/0) | 42
[72.911, 93.976] | (38/6/0) | 43
[73.445, 94.120] | (39/6/0) | 44
[73.958, 94.258] | (40/6/0) | 45
[74.452, 94.389] | (41/6/0) | 46
[74.927, 94.515] | (42/6/0) | 47
[75.385, 94.635] | (43/6/0) | 48
[75.827, 94.750] | (44/6/0) | 49
[76.253, 94.861] | (45/6/0) | 50
[76.665, 94.967] | (46/6/0) | 51
[77.062, 95.068] | (47/6/0) | 52
[77.446, 95.166] | (48/6/0) | 53
[77.818, 95.260] | (49/6/0) | 54
[78.177, 95.350] | (50/6/0) | 55
[76.449, 94.226] | (50/7/0) | 56
[76.818, 94.332] | (51/7/0) | 57
[77.175, 94.433] | (52/7/0) | 58
[77.522, 94.532] | (53/7/0) | 59
[77.858, 94.626] | (54/7/0) | 60
[78.184, 94.718] | (55/7/0) | 61
[78.501, 94.807] | (56/7/0) | 62
[78.809, 94.892] | (57/7/0) | 63
[79.108, 94.975] | (58/7/0) | 64
[79.399, 95.055] | (59/7/0) | 65
[79.682, 95.133] | (60/7/0) | 66
[79.957, 95.209] | (61/7/0) | 67
[80.225, 95.282] | (62/7/0) | 68
[80.485, 95.353] | (63/7/0) | 69
[79.062, 94.427] | (63/8/0) | 70
[79.330, 94.508] | (64/8/0) | 71
[79.592, 94.587] | (65/8/0) | 72
[79.847, 94.663] | (66/8/0) | 73
[80.096, 94.738] | (67/8/0) | 74
[78.785, 93.859] | (67/9/0) | 75
[79.040, 93.942] | (68/9/0) | 76
[77.792, 93.077] | (68/10/0) | 77
[78.052, 93.168] | (69/10/0) | 78
[78.306, 93.257] | (70/10/0) | 79
[78.555, 93.344] | (71/10/0) | 80
[78.798, 93.429] | (72/10/0) | 81
[79.035, 93.511] | (73/10/0) | 82
[79.267, 93.591] | (74/10/0) | 83
[79.494, 93.670] | (75/10/0) | 84
[79.716, 93.746] | (76/10/0) | 85
[79.934, 93.821] | (77/10/0) | 86
[80.147, 93.894] | (78/10/0) | 87
[80.355, 93.965] | (79/10/0) | 88
[79.260, 93.203] | (79/11/0) | 89
[79.472, 93.280] | (80/11/0) | 90
[79.681, 93.356] | (81/11/0) | 91
[79.885, 93.430] | (82/11/0) | 92
[80.086, 93.503] | (83/11/0) | 93
[80.282, 93.573] | (84/11/0) | 94
[80.475, 93.643] | (85/11/0) | 95
[80.663, 93.711] | (86/11/0) | 96
[80.849, 93.777] | (87/11/0) | 97
[79.852, 93.076] | (87/12/0) | 98
[80.041, 93.148] | (88/12/0) | 99
[80.226, 93.218] | (89/12/0) | 100
[80.409, 93.286] | (90/12/0) | 101
[80.587, 93.354] | (91/12/0) | 102
[80.763, 93.420] | (92/12/0) | 103
[80.936, 93.484] | (93/12/0) | 104
[81.105, 93.548] | (94/12/0) | 105
[81.271, 93.610] | (95/12/0) | 106
[81.435, 93.671] | (96/12/0) | 107
[81.596, 93.731] | (97/12/0) | 108
[80.694, 93.093] | (97/13/0) | 109
[80.858, 93.157] | (98/13/0) | 110
[79.986, 92.526] | (98/14/0) | 111
[79.137, 91.899] | (98/15/0) | 112
[79.310, 91.973] | (99/15/0) | 113
[79.479, 92.045] | (100/15/0) | 114
[79.646, 92.115] | (101/15/0) | 115
[79.810, 92.185] | (102/15/0) | 116
[79.003, 91.581] | (102/16/0) | 117
[79.169, 91.654] | (103/16/0) | 118
[79.333, 91.725] | (104/16/0) | 119
[79.494, 91.796] | (105/16/0) | 120
[79.653, 91.865] | (106/16/0) | 121
[79.810, 91.933] | (107/16/0) | 122
[79.964, 92.000] | (108/16/0) | 123
[80.116, 92.066] | (109/16/0) | 124
[80.265, 92.131] | (110/16/0) | 125
[80.412, 92.195] | (111/16/0) | 126
[80.557, 92.257] | (112/16/0) | 127
[80.700, 92.319] | (113/16/0) | 128
[80.841, 92.380] | (114/16/0) | 129
[80.980, 92.440] | (115/16/0) | 130
[80.249, 91.894] | (115/17/0) | 131
[80.390, 91.957] | (116/17/0) | 132
[79.678, 91.418] | (116/18/0) | 133
[79.821, 91.483] | (117/18/0) | 134
[79.962, 91.548] | (118/18/0) | 135
[79.272, 91.019] | (118/19/0) | 136
[79.415, 91.086] | (119/19/0) | 137
[79.556, 91.152] | (120/19/0) | 138
[79.694, 91.217] | (121/19/0) | 139
[79.831, 91.281] | (122/19/0) | 140
[79.966, 91.344] | (123/19/0) | 141
[80.099, 91.406] | (124/19/0) | 142
[80.231, 91.468] | (125/19/0) | 143
[80.360, 91.528] | (126/19/0) | 144
[80.489, 91.588] | (127/19/0) | 145
[80.615, 91.646] | (128/19/0) | 146
[80.740, 91.704] | (129/19/0) | 147
[80.101, 91.215] | (129/20/0) | 148
[79.474, 90.728] | (129/21/0) | 149
[79.604, 90.791] | (130/21/0) | 150
[79.731, 90.853] | (131/21/0) | 151
[79.858, 90.914] | (132/21/0) | 152
[79.982, 90.975] | (133/21/0) | 153
[80.105, 91.035] | (134/21/0) | 154
[79.504, 90.565] | (134/22/0) | 155
[79.629, 90.627] | (135/22/0) | 156
[79.752, 90.688] | (136/22/0) | 157
[79.873, 90.748] | (137/22/0) | 158
[79.993, 90.807] | (138/22/0) | 159
[80.112, 90.866] | (139/22/0) | 160
[80.229, 90.923] | (140/22/0) | 161
[80.345, 90.980] | (141/22/0) | 162
[80.459, 91.037] | (142/22/0) | 163
[80.572, 91.092] | (143/22/0) | 164
[80.684, 91.147] | (144/22/0) | 165
[80.795, 91.202] | (145/22/0) | 166
[80.904, 91.255] | (146/22/0) | 167
[81.012, 91.308] | (147/22/0) | 168
[81.119, 91.361] | (148/22/0) | 169
[80.565, 90.929] | (148/23/0) | 170
[80.673, 90.983] | (149/23/0) | 171
[80.780, 91.036] | (150/23/0) | 172
[80.885, 91.089] | (151/23/0) | 173
[80.347, 90.666] | (151/24/0) | 174
[80.454, 90.720] | (152/24/0) | 175
[79.926, 90.302] | (152/25/0) | 176
[80.034, 90.357] | (153/25/0) | 177
[80.140, 90.413] | (154/25/0) | 178
[80.246, 90.467] | (155/25/0) | 179
[80.350, 90.521] | (156/25/0) | 180
[80.454, 90.574] | (157/25/0) | 181
[80.556, 90.627] | (158/25/0) | 182
[80.657, 90.679] | (159/25/0) | 183
[80.152, 90.277] | (159/26/0) | 184
[80.254, 90.331] | (160/26/0) | 185
[80.355, 90.384] | (161/26/0) | 186
[80.456, 90.436] | (162/26/0) | 187
[80.555, 90.488] | (163/26/0) | 188
[80.653, 90.539] | (164/26/0) | 189
[80.750, 90.590] | (165/26/0) | 190
[80.846, 90.640] | (166/26/0) | 191
[80.942, 90.690] | (167/26/0) | 192
[80.459, 90.305] | (167/27/0) | 193
[80.555, 90.356] | (168/27/0) | 194
[80.650, 90.406] | (169/27/0) | 195
[80.745, 90.456] | (170/27/0) | 196
[80.838, 90.505] | (171/27/0) | 197
[80.930, 90.554] | (172/27/0) | 198
[81.022, 90.602] | (173/27/0) | 199
[80.557, 90.230] | (173/28/0) | 200
[80.649, 90.279] | (174/28/0) | 201
[80.741, 90.328] | (175/28/0) | 202
[80.831, 90.377] | (176/28/0) | 203
[80.921, 90.425] | (177/28/0) | 204
[81.010, 90.472] | (178/28/0) | 205
[81.099, 90.519] | (179/28/0) | 206
[81.186, 90.566] | (180/28/0) | 207
[81.273, 90.612] | (181/28/0) | 208
[81.358, 90.658] | (182/28/0) | 209
[81.443, 90.703] | (183/28/0) | 210
[81.528, 90.748] | (184/28/0) | 211
[81.086, 90.394] | (184/29/0) | 212
[81.171, 90.440] | (185/29/0) | 213
[81.256, 90.486] | (186/29/0) | 214
[81.339, 90.531] | (187/29/0) | 215
[81.422, 90.575] | (188/29/0) | 216
[81.504, 90.619] | (189/29/0) | 217
[81.585, 90.663] | (190/29/0) | 218
[81.666, 90.707] | (191/29/0) | 219
[81.746, 90.749] | (192/29/0) | 220
[81.825, 90.792] | (193/29/0) | 221
[81.904, 90.834] | (194/29/0) | 222
[81.982, 90.876] | (195/29/0) | 223
[82.059, 90.917] | (196/29/0) | 224
[82.135, 90.958] | (197/29/0) | 225
[82.211, 90.999] | (198/29/0) | 226
[82.287, 91.039] | (199/29/0) | 227
[82.361, 91.079] | (200/29/0) | 228
[82.435, 91.119] | (201/29/0) | 229
[82.509, 91.158] | (202/29/0) | 230
[82.581, 91.197] | (203/29/0) | 231
[82.173, 90.871] | (203/30/0) | 232
[82.247, 90.911] | (204/30/0) | 233
[82.320, 90.951] | (205/30/0) | 234
[82.392, 90.990] | (206/30/0) | 235
[82.464, 91.029] | (207/30/0) | 236
[82.535, 91.067] | (208/30/0) | 237
[82.606, 91.105] | (209/30/0) | 238
[82.210, 90.788] | (209/31/0) | 239
[82.281, 90.827] | (210/31/0) | 240
[82.352, 90.866] | (211/31/0) | 241
[82.422, 90.904] | (212/31/0) | 242
[82.492, 90.942] | (213/31/0) | 243
[82.561, 90.980] | (214/31/0) | 244
[82.629, 91.017] | (215/31/0) | 245
[82.245, 90.709] | (215/32/0) | 246
[82.314, 90.747] | (216/32/0) | 247
[82.383, 90.785] | (217/32/0) | 248
[82.451, 90.823] | (218/32/0) | 249
[82.519, 90.860] | (219/32/0) | 250
[82.144, 90.557] | (219/33/0) | 251
[82.212, 90.596] | (220/33/0) | 252
[82.280, 90.633] | (221/33/0) | 253
[82.347, 90.671] | (222/33/0) | 254
[82.414, 90.708] | (223/33/0) | 255
[82.480, 90.745] | (224/33/0) | 256
[82.545, 90.781] | (225/33/0) | 257
[82.611, 90.818] | (226/33/0) | 258
[82.675, 90.854] | (227/33/0) | 259
[82.313, 90.561] | (227/34/0) | 260
[82.378, 90.597] | (228/34/0) | 261
[82.021, 90.634] | (228/34/1) | 262
[82.087, 90.670] | (229/34/1) | 263
[82.152, 90.706] | (230/34/1) | 264
[82.217, 90.741] | (231/34/1) | 265
[82.282, 90.777] | (232/34/1) | 266
[82.346, 90.812] | (233/34/1) | 267
[82.409, 90.847] | (234/34/1) | 268
[82.472, 90.881] | (235/34/1) | 269
[82.125, 90.598] | (235/35/1) | 270
[82.189, 90.633] | (236/35/1) | 271
[82.252, 90.668] | (237/35/1) | 272
[82.315, 90.703] | (238/35/1) | 273
[82.377, 90.737] | (239/35/1) | 274
[82.439, 90.772] | (240/35/1) | 275
[82.500, 90.806] | (241/35/1) | 276
[82.561, 90.839] | (242/35/1) | 277
[82.225, 90.564] | (242/36/1) | 278
[82.286, 90.598] | (243/36/1) | 279
[82.347, 90.632] | (244/36/1) | 280
[82.408, 90.666] | (245/36/1) | 281
[82.468, 90.700] | (246/36/1) | 282
[82.528, 90.733] | (247/36/1) | 283
[82.587, 90.766] | (248/36/1) | 284
[82.646, 90.799] | (249/36/1) | 285
[82.705, 90.832] | (250/36/1) | 286
[82.763, 90.864] | (251/36/1) | 287
[82.821, 90.896] | (252/36/1) | 288
[82.879, 90.928] | (253/36/1) | 289
[82.936, 90.960] | (254/36/1) | 290
[82.992, 90.991] | (255/36/1) | 291
[83.049, 91.023] | (256/36/1) | 292
[83.105, 91.054] | (257/36/1) | 293
[83.160, 91.085] | (258/36/1) | 294
[83.215, 91.115] | (259/36/1) | 295
[83.270, 91.146] | (260/36/1) | 296
[83.325, 91.176] | (261/36/1) | 297
[83.379, 91.206] | (262/36/1) | 298
[83.433, 91.236] | (263/36/1) | 299
[83.486, 91.265] | (264/36/1) | 300
[83.539, 91.295] | (265/36/1) | 301
[83.592, 91.324] | (266/36/1) | 302
[83.644, 91.353] | (267/36/1) | 303
[83.696, 91.382] | (268/36/1) | 304
[83.748, 91.411] | (269/36/1) | 305
[83.800, 91.439] | (270/36/1) | 306
[83.851, 91.467] | (271/36/1) | 307
[83.902, 91.495] | (272/36/1) | 308
[83.952, 91.523] | (273/36/1) | 309
[84.002, 91.551] | (274/36/1) | 310
[83.696, 91.302] | (274/37/1) | 311
[83.746, 91.330] | (275/37/1) | 312
[83.797, 91.359] | (276/37/1) | 313
[83.494, 91.112] | (276/38/1) | 314
[83.545, 91.141] | (277/38/1) | 315
[83.596, 91.169] | (278/38/1) | 316
[83.646, 91.197] | (279/38/1) | 317
[83.348, 90.954] | (279/39/1) | 318
[83.399, 90.983] | (280/39/1) | 319
[83.105, 90.741] | (280/40/1) | 320
[83.156, 90.770] | (281/40/1) | 321
[83.206, 90.799] | (282/40/1) | 322
[83.257, 90.828] | (283/40/1) | 323
[83.307, 90.857] | (284/40/1) | 324
[83.357, 90.885] | (285/40/1) | 325
[83.406, 90.914] | (286/40/1) | 326
[83.455, 90.942] | (287/40/1) | 327
[83.504, 90.970] | (288/40/1) | 328
[83.553, 90.998] | (289/40/1) | 329
[83.601, 91.025] | (290/40/1) | 330
[83.649, 91.053] | (291/40/1) | 331
[83.697, 91.080] | (292/40/1) | 332
[83.744, 91.107] | (293/40/1) | 333
[83.792, 91.134] | (294/40/1) | 334
[83.839, 91.161] | (295/40/1) | 335
[83.885, 91.188] | (296/40/1) | 336
[83.932, 91.214] | (297/40/1) | 337
[83.651, 90.984] | (297/41/1) | 338
[83.698, 91.011] | (298/41/1) | 339
[83.745, 91.038] | (299/41/1) | 340
[83.791, 91.064] | (300/41/1) | 341
[83.837, 91.091] | (301/41/1) | 342
[83.883, 91.117] | (302/41/1) | 343
[83.928, 91.143] | (303/41/1) | 344
[83.973, 91.169] | (304/41/1) | 345
[84.018, 91.195] | (305/41/1) | 346
[84.063, 91.221] | (306/41/1) | 347
[83.791, 90.997] | (306/42/1) | 348
[83.836, 91.023] | (307/42/1) | 349
[83.881, 91.049] | (308/42/1) | 350
[83.925, 91.075] | (309/42/1) | 351
[83.970, 91.101] | (310/42/1) | 352
[84.014, 91.126] | (311/42/1) | 353
[84.058, 91.151] | (312/42/1) | 354
[84.101, 91.177] | (313/42/1) | 355
[84.145, 91.202] | (314/42/1) | 356
[84.188, 91.227] | (315/42/1) | 357
[84.231, 91.252] | (316/42/1) | 358
[83.967, 91.034] | (316/43/1) | 359
[84.010, 91.059] | (317/43/1) | 360
[84.053, 91.084] | (318/43/1) | 361
[84.096, 91.109] | (319/43/1) | 362
[84.138, 91.134] | (320/43/1) | 363
[83.878, 90.919] | (320/44/1) | 364
[83.921, 90.945] | (321/44/1) | 365
[83.964, 90.970] | (322/44/1) | 366
[84.006, 90.995] | (323/44/1) | 367
[83.750, 90.782] | (323/45/1) | 368
[83.793, 90.807] | (324/45/1) | 369
[83.835, 90.833] | (325/45/1) | 370
[83.878, 90.858] | (326/45/1) | 371
[83.920, 90.882] | (327/45/1) | 372
[83.667, 90.673] | (327/46/1) | 373
[83.710, 90.698] | (328/46/1) | 374
[83.460, 90.489] | (328/47/1) | 375
[83.502, 90.515] | (329/47/1) | 376
[83.545, 90.541] | (330/47/1) | 377
[83.587, 90.566] | (331/47/1) | 378
[83.340, 90.359] | (331/48/1) | 379
[83.383, 90.385] | (332/48/1) | 380
[83.425, 90.411] | (333/48/1) | 381
[83.181, 90.206] | (333/49/1) | 382
[83.224, 90.232] | (334/49/1) | 383
[83.266, 90.258] | (335/49/1) | 384
[83.309, 90.283] | (336/49/1) | 385
[83.351, 90.309] | (337/49/1) | 386
[83.393, 90.334] | (338/49/1) | 387
[83.434, 90.359] | (339/49/1) | 388
[83.476, 90.384] | (340/49/1) | 389
[83.517, 90.409] | (341/49/1) | 390
[83.558, 90.434] | (342/49/1) | 391
[83.599, 90.459] | (343/49/1) | 392
[83.639, 90.484] | (344/49/1) | 393
[83.680, 90.508] | (345/49/1) | 394
[83.720, 90.532] | (346/49/1) | 395
[83.760, 90.557] | (347/49/1) | 396
[83.524, 90.359] | (347/50/1) | 397
[83.564, 90.383] | (348/50/1) | 398
[83.604, 90.408] | (349/50/1) | 399
[83.644, 90.432] | (350/50/1) | 400
[83.684, 90.456] | (351/50/1) | 401
[83.724, 90.480] | (352/50/1) | 402
[83.492, 90.286] | (352/51/1) | 403
[83.261, 90.091] | (352/52/1) | 404
[83.032, 89.898] | (352/53/1) | 405
[83.073, 89.923] | (353/53/1) | 406
[82.846, 89.730] | (353/54/1) | 407
[82.887, 89.756] | (354/54/1) | 408
[82.927, 89.781] | (355/54/1) | 409
[82.968, 89.806] | (356/54/1) | 410
[83.008, 89.831] | (357/54/1) | 411
[83.048, 89.856] | (358/54/1) | 412
[82.825, 89.667] | (358/55/1) | 413
[82.865, 89.692] | (359/55/1) | 414
[82.905, 89.717] | (360/55/1) | 415
[82.945, 89.742] | (361/55/1) | 416
[82.985, 89.767] | (362/55/1) | 417
[83.025, 89.792] | (363/55/1) | 418
[83.064, 89.816] | (364/55/1) | 419
[83.103, 89.841] | (365/55/1) | 420
[83.143, 89.865] | (366/55/1) | 421
[83.181, 89.890] | (367/55/1) | 422
[83.220, 89.914] | (368/55/1) | 423
[83.259, 89.938] | (369/55/1) | 424
[83.297, 89.962] | (370/55/1) | 425
[83.335, 89.986] | (371/55/1) | 426
[83.118, 89.802] | (371/56/1) | 427
[83.157, 89.826] | (372/56/1) | 428
[83.195, 89.850] | (373/56/1) | 429
[83.233, 89.874] | (374/56/1) | 430
[83.019, 89.691] | (374/57/1) | 431
[83.057, 89.715] | (375/57/1) | 432
[83.095, 89.740] | (376/57/1) | 433
[83.133, 89.763] | (377/57/1) | 434
[82.921, 89.583] | (377/58/1) | 435
[82.959, 89.607] | (378/58/1) | 436
[82.997, 89.631] | (379/58/1) | 437
[83.035, 89.655] | (380/58/1) | 438
[83.073, 89.679] | (381/58/1) | 439
[82.863, 89.500] | (381/59/1) | 440
[82.901, 89.524] | (382/59/1) | 441
[82.939, 89.548] | (383/59/1) | 442
[82.977, 89.572] | (384/59/1) | 443
[83.014, 89.596] | (385/59/1) | 444
[83.051, 89.619] | (386/59/1) | 445
[83.088, 89.643] | (387/59/1) | 446
[82.882, 89.467] | (387/60/1) | 447
[82.920, 89.491] | (388/60/1) | 448
[82.957, 89.514] | (389/60/1) | 449
[82.993, 89.538] | (390/60/1) | 450
[83.030, 89.561] | (391/60/1) | 451
[83.067, 89.585] | (392/60/1) | 452
[83.103, 89.608] | (393/60/1) | 453
[83.140, 89.631] | (394/60/1) | 454
[83.176, 89.654] | (395/60/1) | 455
[83.212, 89.677] | (396/60/1) | 456
[83.247, 89.700] | (397/60/1) | 457
[83.283, 89.723] | (398/60/1) | 458
[83.319, 89.746] | (399/60/1) | 459
[83.354, 89.768] | (400/60/1) | 460
[83.389, 89.791] | (401/60/1) | 461
[83.189, 89.620] | (401/61/1) | 462
[83.225, 89.642] | (402/61/1) | 463
[83.260, 89.665] | (403/61/1) | 464
[83.295, 89.688] | (404/61/1) | 465
[83.330, 89.710] | (405/61/1) | 466
[83.133, 89.541] | (405/62/1) | 467
[83.168, 89.563] | (406/62/1) | 468
[83.203, 89.586] | (407/62/1) | 469
[83.238, 89.608] | (408/62/1) | 470
[83.042, 89.441] | (408/63/1) | 471
[83.078, 89.463] | (409/63/1) | 472
[83.112, 89.486] | (410/63/1) | 473
[83.147, 89.508] | (411/63/1) | 474
[83.182, 89.531] | (412/63/1) | 475
[83.216, 89.553] | (413/63/1) | 476
[83.251, 89.575] | (414/63/1) | 477
[83.285, 89.597] | (415/63/1) | 478
[83.319, 89.619] | (416/63/1) | 479
[83.353, 89.641] | (417/63/1) | 480
[83.386, 89.663] | (418/63/1) | 481
[83.420, 89.685] | (419/63/1) | 482
[83.454, 89.706] | (420/63/1) | 483
[83.487, 89.728] | (421/63/1) | 484
[83.520, 89.749] | (422/63/1) | 485
[83.330, 89.586] | (422/64/1) | 486
[83.364, 89.608] | (423/64/1) | 487
[83.397, 89.630] | (424/64/1) | 488
[83.430, 89.651] | (425/64/1) | 489
[83.463, 89.672] | (426/64/1) | 490
[83.496, 89.694] | (427/64/1) | 491
[83.529, 89.715] | (428/64/1) | 492
[83.561, 89.736] | (429/64/1) | 493
[83.594, 89.757] | (430/64/1) | 494
[83.407, 89.597] | (430/65/1) | 495
[83.440, 89.618] | (431/65/1) | 496
[83.473, 89.639] | (432/65/1) | 497
[83.505, 89.660] | (433/65/1) | 498
[83.537, 89.681] | (434/65/1) | 499
[83.569, 89.702] | (435/65/1) | 500
[83.385, 89.544] | (435/66/1) | 501
[83.418, 89.565] | (436/66/1) | 502
[83.450, 89.586] | (437/66/1) | 503
[83.482, 89.607] | (438/66/1) | 504
[83.514, 89.628] | (439/66/1) | 505
[83.546, 89.648] | (440/66/1) | 506
[83.577, 89.669] | (441/66/1) | 507
[83.609, 89.690] | (442/66/1) | 508
[83.640, 89.710] | (443/66/1) | 509
[83.672, 89.731] | (444/66/1) | 510
[83.703, 89.751] | (445/66/1) | 511
[83.734, 89.771] | (446/66/1) | 512
[83.765, 89.791] | (447/66/1) | 513
[83.796, 89.812] | (448/66/1) | 514
[83.827, 89.832] | (449/66/1) | 515
[83.648, 89.677] | (449/67/1) | 516
[83.678, 89.698] | (450/67/1) | 517
[83.709, 89.718] | (451/67/1) | 518
[83.740, 89.738] | (452/67/1) | 519
[83.770, 89.758] | (453/67/1) | 520
[83.801, 89.778] | (454/67/1) | 521
[83.831, 89.798] | (455/67/1) | 522
[83.861, 89.817] | (456/67/1) | 523
[83.892, 89.837] | (457/67/1) | 524
[83.922, 89.857] | (458/67/1) | 525
[83.951, 89.876] | (459/67/1) | 526
[83.981, 89.895] | (460/67/1) | 527
[84.011, 89.915] | (461/67/1) | 528
[83.836, 89.764] | (461/68/1) | 529
[83.866, 89.784] | (462/68/1) | 530
[83.895, 89.803] | (463/68/1) | 531
[83.925, 89.823] | (464/68/1) | 532
[83.954, 89.842] | (465/68/1) | 533
[83.781, 89.693] | (465/69/1) | 534
[83.811, 89.712] | (466/69/1) | 535
[83.840, 89.732] | (467/69/1) | 536
[83.870, 89.751] | (468/69/1) | 537
[83.899, 89.770] | (469/69/1) | 538
[83.928, 89.790] | (470/69/1) | 539
[83.957, 89.809] | (471/69/1) | 540
[83.986, 89.828] | (472/69/1) | 541
[84.015, 89.847] | (473/69/1) | 542
[84.044, 89.866] | (474/69/1) | 543
[84.073, 89.884] | (475/69/1) | 544
[83.903, 89.738] | (475/70/1) | 545
[83.932, 89.757] | (476/70/1) | 546
[83.763, 89.611] | (476/71/1) | 547
[83.792, 89.631] | (477/71/1) | 548
[83.821, 89.650] | (478/71/1) | 549
[83.850, 89.669] | (479/71/1) | 550
[83.878, 89.688] | (480/71/1) | 551
[83.907, 89.707] | (481/71/1) | 552
[83.935, 89.725] | (482/71/1) | 553
[83.964, 89.744] | (483/71/1) | 554
[83.992, 89.763] | (484/71/1) | 555
[84.020, 89.782] | (485/71/1) | 556
[84.048, 89.800] | (486/71/1) | 557
[84.076, 89.819] | (487/71/1) | 558
[84.104, 89.837] | (488/71/1) | 559
[84.132, 89.855] | (489/71/1) | 560
[84.159, 89.874] | (490/71/1) | 561
[84.187, 89.892] | (491/71/1) | 562
[84.214, 89.910] | (492/71/1) | 563
[84.242, 89.928] | (493/71/1) | 564
[84.269, 89.946] | (494/71/1) | 565
[84.296, 89.964] | (495/71/1) | 566
[84.323, 89.982] | (496/71/1) | 567
[84.350, 90.000] | (497/71/1) | 568
[84.187, 89.859] | (497/72/1) | 569
[84.214, 89.877] | (498/72/1) | 570
[84.242, 89.895] | (499/72/1) | 571
[84.080, 89.755] | (499/73/1) | 572
[84.107, 89.773] | (500/73/1) | 573
[84.134, 89.791] | (501/73/1) | 574
[84.161, 89.809] | (502/73/1) | 575
[84.188, 89.827] | (503/73/1) | 576
[84.028, 89.689] | (503/74/1) | 577
[83.868, 89.550] | (503/75/1) | 578
[83.895, 89.569] | (504/75/1) | 579
[83.737, 89.431] | (504/76/1) | 580
[83.764, 89.449] | (505/76/1) | 581
[83.791, 89.468] | (506/76/1) | 582
[83.818, 89.486] | (507/76/1) | 583
[83.846, 89.504] | (508/76/1) | 584
[83.873, 89.522] | (509/76/1) | 585
[83.900, 89.540] | (510/76/1) | 586
[83.926, 89.558] | (511/76/1) | 587
[83.953, 89.576] | (512/76/1) | 588
[83.980, 89.594] | (513/76/1) | 589
[84.006, 89.612] | (514/76/1) | 590
[84.033, 89.630] | (515/76/1) | 591
[84.059, 89.647] | (516/76/1) | 592
[83.904, 89.513] | (516/77/1) | 593
[83.930, 89.530] | (517/77/1) | 594
[83.957, 89.548] | (518/77/1) | 595
[83.983, 89.566] | (519/77/1) | 596
[84.009, 89.584] | (520/77/1) | 597
[84.036, 89.601] | (521/77/1) | 598
[84.062, 89.619] | (522/77/1) | 599
[84.088, 89.636] | (523/77/1) | 600
[84.114, 89.654] | (524/77/1) | 601
[84.139, 89.671] | (525/77/1) | 602
[83.987, 89.538] | (525/78/1) | 603
[84.012, 89.556] | (526/78/1) | 604
[84.038, 89.573] | (527/78/1) | 605
[84.064, 89.591] | (528/78/1) | 606
[84.090, 89.608] | (529/78/1) | 607
[84.115, 89.625] | (530/78/1) | 608
[84.141, 89.642] | (531/78/1) | 609
[84.166, 89.660] | (532/78/1) | 610
[84.192, 89.677] | (533/78/1) | 611
[84.217, 89.694] | (534/78/1) | 612
[84.242, 89.711] | (535/78/1) | 613
[84.268, 89.728] | (536/78/1) | 614
[84.293, 89.745] | (537/78/1) | 615
[84.318, 89.761] | (538/78/1) | 616
[84.342, 89.778] | (539/78/1) | 617
[84.367, 89.795] | (540/78/1) | 618
[84.392, 89.812] | (541/78/1) | 619
[84.243, 89.682] | (541/79/1) | 620
[84.268, 89.699] | (542/79/1) | 621
[84.293, 89.716] | (543/79/1) | 622
[84.317, 89.732] | (544/79/1) | 623
[84.342, 89.749] | (545/79/1) | 624
[84.366, 89.766] | (546/79/1) | 625
[84.219, 89.637] | (546/80/1) | 626
[84.243, 89.654] | (547/80/1) | 627
[84.268, 89.671] | (548/80/1) | 628
[84.293, 89.687] | (549/80/1) | 629
[84.317, 89.704] | (550/80/1) | 630
[84.341, 89.720] | (551/80/1) | 631
[84.366, 89.737] | (552/80/1) | 632
[84.390, 89.753] | (553/80/1) | 633
[84.414, 89.769] | (554/80/1) | 634
[84.268, 89.643] | (554/81/1) | 635
[84.293, 89.659] | (555/81/1) | 636
[84.148, 89.533] | (555/82/1) | 637
[84.172, 89.550] | (556/82/1) | 638
[84.197, 89.566] | (557/82/1) | 639
[84.221, 89.583] | (558/82/1) | 640
[84.245, 89.599] | (559/82/1) | 641
[84.269, 89.616] | (560/82/1) | 642
[84.293, 89.632] | (561/82/1) | 643
[84.317, 89.648] | (562/82/1) | 644
[84.341, 89.664] | (563/82/1) | 645
[84.364, 89.681] | (564/82/1) | 646
[84.388, 89.697] | (565/82/1) | 647
[84.412, 89.713] | (566/82/1) | 648
[84.435, 89.729] | (567/82/1) | 649
[84.293, 89.605] | (567/83/1) | 650
[84.317, 89.621] | (568/83/1) | 651
[84.340, 89.637] | (569/83/1) | 652
[84.364, 89.653] | (570/83/1) | 653
[84.387, 89.669] | (571/83/1) | 654
[84.411, 89.685] | (572/83/1) | 655
[84.434, 89.701] | (573/83/1) | 656
[84.457, 89.717] | (574/83/1) | 657
[84.317, 89.595] | (574/84/1) | 658
[84.340, 89.611] | (575/84/1) | 659
[84.364, 89.626] | (576/84/1) | 660
[84.387, 89.642] | (577/84/1) | 661
[84.410, 89.658] | (578/84/1) | 662
[84.433, 89.674] | (579/84/1) | 663
[84.456, 89.690] | (580/84/1) | 664
[84.317, 89.569] | (580/85/1) | 665
[84.340, 89.584] | (581/85/1) | 666
[84.363, 89.600] | (582/85/1) | 667
[84.386, 89.616] | (583/85/1) | 668
[84.409, 89.632] | (584/85/1) | 669
[84.432, 89.647] | (585/85/1) | 670
[84.455, 89.663] | (586/85/1) | 671
[84.317, 89.543] | (586/86/1) | 672
[84.181, 89.423] | (586/87/1) | 673
[84.204, 89.439] | (587/87/1) | 674
[84.227, 89.455] | (588/87/1) | 675
[84.249, 89.471] | (589/87/1) | 676
[84.114, 89.486] | (589/87/2) | 677
[84.137, 89.502] | (590/87/2) | 678
[84.160, 89.518] | (591/87/2) | 679
[84.182, 89.533] | (592/87/2) | 680
[84.205, 89.549] | (593/87/2) | 681
[84.071, 89.564] | (593/87/3) | 682
[84.093, 89.580] | (594/87/3) | 683
[83.959, 89.462] | (594/88/3) | 684
[83.982, 89.478] | (595/88/3) | 685
[84.005, 89.493] | (596/88/3) | 686
[84.028, 89.508] | (597/88/3) | 687
[84.051, 89.524] | (598/88/3) | 688
[84.074, 89.539] | (599/88/3) | 689
[84.096, 89.555] | (600/88/3) | 690
[84.119, 89.570] | (601/88/3) | 691
[84.141, 89.585] | (602/88/3) | 692
[84.164, 89.600] | (603/88/3) | 693
[84.186, 89.615] | (604/88/3) | 694
[84.209, 89.631] | (605/88/3) | 695
[84.231, 89.646] | (606/88/3) | 696
[84.253, 89.661] | (607/88/3) | 697
[84.275, 89.676] | (608/88/3) | 698
[84.144, 89.560] | (608/89/3) | 699
[84.013, 89.445] | (608/90/3) | 700
[83.882, 89.330] | (608/91/3) | 701
[83.752, 89.215] | (608/92/3) | 702
[83.775, 89.231] | (609/92/3) | 703
[83.646, 89.116] | (609/93/3) | 704
[83.668, 89.132] | (610/93/3) | 705
[83.691, 89.147] | (611/93/3) | 706
[83.714, 89.163] | (612/93/3) | 707
[83.736, 89.178] | (613/93/3) | 708
[83.759, 89.194] | (614/93/3) | 709
[83.781, 89.209] | (615/93/3) | 710
[83.653, 89.096] | (615/94/3) | 711
[83.676, 89.111] | (616/94/3) | 712
[83.548, 88.998] | (616/95/3) | 713
[83.571, 89.014] | (617/95/3) | 714
[83.593, 89.029] | (618/95/3) | 715
[83.616, 89.045] | (619/95/3) | 716
[83.638, 89.060] | (620/95/3) | 717
[83.661, 89.076] | (621/95/3) | 718
[83.683, 89.091] | (622/95/3) | 719
[83.705, 89.106] | (623/95/3) | 720
[83.727, 89.122] | (624/95/3) | 721
[83.601, 89.010] | (624/96/3) | 722
[83.476, 88.899] | (624/97/3) | 723
[83.498, 88.914] | (625/97/3) | 724
[83.520, 88.930] | (626/97/3) | 725
[83.543, 88.945] | (627/97/3) | 726
[83.418, 88.834] | (627/98/3) | 727
[83.440, 88.850] | (628/98/3) | 728
[83.463, 88.865] | (629/98/3) | 729
[83.485, 88.881] | (630/98/3) | 730
[83.507, 88.896] | (631/98/3) | 731
[83.529, 88.911] | (632/98/3) | 732
[83.551, 88.927] | (633/98/3) | 733
[83.573, 88.942] | (634/98/3) | 734
[83.595, 88.957] | (635/98/3) | 735
[83.617, 88.972] | (636/98/3) | 736
[83.639, 88.987] | (637/98/3) | 737
[83.661, 89.003] | (638/98/3) | 738
[83.538, 88.893] | (638/99/3) | 739
[83.560, 88.909] | (639/99/3) | 740
[83.581, 88.924] | (640/99/3) | 741
[83.603, 88.939] | (641/99/3) | 742
[83.481, 88.830] | (641/100/3) | 743
[83.359, 88.722] | (641/101/3) | 744
[83.381, 88.737] | (642/101/3) | 745
[83.403, 88.753] | (643/101/3) | 746
[83.282, 88.645] | (643/102/3) | 747
[83.304, 88.660] | (644/102/3) | 748
[83.326, 88.676] | (645/102/3) | 749
[83.348, 88.691] | (646/102/3) | 750
[83.370, 88.706] | (647/102/3) | 751
[83.391, 88.721] | (648/102/3) | 752
[83.413, 88.736] | (649/102/3) | 753
[83.435, 88.751] | (650/102/3) | 754
[83.456, 88.767] | (651/102/3) | 755
[83.478, 88.782] | (652/102/3) | 756
[83.499, 88.796] | (653/102/3) | 757
[83.520, 88.811] | (654/102/3) | 758
[83.542, 88.826] | (655/102/3) | 759
[83.423, 88.720] | (655/103/3) | 760
[83.304, 88.614] | (655/104/3) | 761
[83.325, 88.629] | (656/104/3) | 762
[83.347, 88.645] | (657/104/3) | 763
[83.368, 88.660] | (658/104/3) | 764
[83.390, 88.675] | (659/104/3) | 765
[83.411, 88.690] | (660/104/3) | 766
[83.432, 88.704] | (661/104/3) | 767
[83.453, 88.719] | (662/104/3) | 768
[83.474, 88.734] | (663/104/3) | 769
[83.495, 88.749] | (664/104/3) | 770
[83.516, 88.764] | (665/104/3) | 771
[83.537, 88.778] | (666/104/3) | 772
[83.558, 88.793] | (667/104/3) | 773
[83.579, 88.808] | (668/104/3) | 774
[83.462, 88.704] | (668/105/3) | 775
[83.483, 88.718] | (669/105/3) | 776
[83.504, 88.733] | (670/105/3) | 777
[83.388, 88.629] | (670/106/3) | 778
[83.409, 88.644] | (671/106/3) | 779
[83.430, 88.659] | (672/106/3) | 780
[83.451, 88.673] | (673/106/3) | 781
[83.472, 88.688] | (674/106/3) | 782
[83.356, 88.703] | (674/106/4) | 783
[83.377, 88.717] | (675/106/4) | 784
[83.398, 88.732] | (676/106/4) | 785
[83.419, 88.746] | (677/106/4) | 786
[83.439, 88.761] | (678/106/4) | 787
[83.460, 88.775] | (679/106/4) | 788
[83.480, 88.789] | (680/106/4) | 789
[83.501, 88.804] | (681/106/4) | 790
[83.521, 88.818] | (682/106/4) | 791
[83.542, 88.832] | (683/106/4) | 792
[83.428, 88.731] | (683/107/4) | 793
[83.448, 88.745] | (684/107/4) | 794
[83.469, 88.759] | (685/107/4) | 795
[83.489, 88.773] | (686/107/4) | 796
[83.510, 88.788] | (687/107/4) | 797
[83.530, 88.802] | (688/107/4) | 798
[83.550, 88.816] | (689/107/4) | 799
[83.570, 88.830] | (690/107/4) | 800
[83.591, 88.844] | (691/107/4) | 801
[83.478, 88.743] | (691/108/4) | 802
[83.498, 88.758] | (692/108/4) | 803
[83.518, 88.772] | (693/108/4) | 804
[83.538, 88.786] | (694/108/4) | 805
[83.426, 88.686] | (694/109/4) | 806
[83.446, 88.700] | (695/109/4) | 807
[83.467, 88.714] | (696/109/4) | 808
[83.487, 88.728] | (697/109/4) | 809
[83.507, 88.742] | (698/109/4) | 810
[83.527, 88.756] | (699/109/4) | 811
[83.547, 88.770] | (700/109/4) | 812
[83.566, 88.784] | (701/109/4) | 813
[83.456, 88.685] | (701/110/4) | 814
[83.476, 88.699] | (702/110/4) | 815
[83.495, 88.713] | (703/110/4) | 816
[83.515, 88.727] | (704/110/4) | 817
[83.535, 88.741] | (705/110/4) | 818
[83.555, 88.754] | (706/110/4) | 819
[83.574, 88.768] | (707/110/4) | 820
[83.594, 88.782] | (708/110/4) | 821
[83.614, 88.796] | (709/110/4) | 822
[83.633, 88.810] | (710/110/4) | 823
[83.653, 88.823] | (711/110/4) | 824
[83.672, 88.837] | (712/110/4) | 825
[83.692, 88.851] | (713/110/4) | 826
[83.711, 88.864] | (714/110/4) | 827
[83.730, 88.878] | (715/110/4) | 828
[83.750, 88.892] | (716/110/4) | 829
[83.769, 88.905] | (717/110/4) | 830
[83.660, 88.808] | (717/111/4) | 831
[83.551, 88.710] | (717/112/4) | 832
[83.571, 88.724] | (718/112/4) | 833
[83.590, 88.738] | (719/112/4) | 834
[83.610, 88.751] | (720/112/4) | 835
[83.629, 88.765] | (721/112/4) | 836
[83.648, 88.778] | (722/112/4) | 837
[83.667, 88.792] | (723/112/4) | 838
[83.686, 88.805] | (724/112/4) | 839
[83.705, 88.819] | (725/112/4) | 840
[83.724, 88.832] | (726/112/4) | 841
[83.743, 88.846] | (727/112/4) | 842
[83.762, 88.859] | (728/112/4) | 843
[83.781, 88.872] | (729/112/4) | 844
[83.800, 88.886] | (730/112/4) | 845
[83.693, 88.790] | (730/113/4) | 846
[83.712, 88.803] | (731/113/4) | 847
[83.731, 88.817] | (732/113/4) | 848
[83.750, 88.830] | (733/113/4) | 849
[83.769, 88.843] | (734/113/4) | 850
[83.787, 88.856] | (735/113/4) | 851
[83.806, 88.870] | (736/113/4) | 852
[83.825, 88.883] | (737/113/4) | 853
[83.843, 88.896] | (738/113/4) | 854
[83.862, 88.909] | (739/113/4) | 855
[83.880, 88.922] | (740/113/4) | 856
[83.899, 88.935] | (741/113/4) | 857
[83.917, 88.948] | (742/113/4) | 858
[83.936, 88.961] | (743/113/4) | 859
[83.954, 88.974] | (744/113/4) | 860
[83.973, 88.987] | (745/113/4) | 861
[83.991, 89.000] | (746/113/4) | 862
[84.009, 89.013] | (747/113/4) | 863
[84.027, 89.026] | (748/113/4) | 864
[84.045, 89.039] | (749/113/4) | 865
[84.063, 89.051] | (750/113/4) | 866
[84.082, 89.064] | (751/113/4) | 867
[84.100, 89.077] | (752/113/4) | 868
[84.118, 89.090] | (753/113/4) | 869
[84.136, 89.102] | (754/113/4) | 870
[84.153, 89.115] | (755/113/4) | 871
[84.171, 89.127] | (756/113/4) | 872
[84.067, 89.034] | (756/114/4) | 873
[84.085, 89.047] | (757/114/4) | 874
[84.103, 89.060] | (758/114/4) | 875
[84.121, 89.072] | (759/114/4) | 876
[84.017, 88.980] | (759/115/4) | 877
[84.035, 88.992] | (760/115/4) | 878
[84.053, 89.005] | (761/115/4) | 879
[84.071, 89.018] | (762/115/4) | 880
[84.089, 89.030] | (763/115/4) | 881
[84.106, 89.043] | (764/115/4) | 882
[84.124, 89.055] | (765/115/4) | 883
[84.142, 89.068] | (766/115/4) | 884
[84.159, 89.080] | (767/115/4) | 885
[84.177, 89.093] | (768/115/4) | 886
[84.195, 89.105] | (769/115/4) | 887
[84.212, 89.117] | (770/115/4) | 888
[84.230, 89.130] | (771/115/4) | 889
[84.247, 89.142] | (772/115/4) | 890
[84.264, 89.154] | (773/115/4) | 891
[84.162, 89.063] | (773/116/4) | 892
[84.180, 89.076] | (774/116/4) | 893
[84.197, 89.088] | (775/116/4) | 894
[84.096, 88.997] | (775/117/4) | 895
[84.113, 89.009] | (776/117/4) | 896
[84.131, 89.022] | (777/117/4) | 897
[84.148, 89.034] | (778/117/4) | 898
[84.165, 89.046] | (779/117/4) | 899
[84.183, 89.059] | (780/117/4) | 900
[84.200, 89.071] | (781/117/4) | 901
[84.099, 88.981] | (781/118/4) | 902
[84.117, 88.993] | (782/118/4) | 903
[84.134, 89.005] | (783/118/4) | 904
[84.151, 89.018] | (784/118/4) | 905
[84.051, 88.928] | (784/119/4) | 906
[84.068, 88.940] | (785/119/4) | 907
[84.086, 88.953] | (786/119/4) | 908
[84.103, 88.965] | (787/119/4) | 909
[84.120, 88.977] | (788/119/4) | 910
[84.020, 88.888] | (788/120/4) | 911
[84.038, 88.900] | (789/120/4) | 912
[84.055, 88.912] | (790/120/4) | 913
[84.072, 88.925] | (791/120/4) | 914
[84.089, 88.937] | (792/120/4) | 915
[83.990, 88.848] | (792/121/4) | 916
[84.007, 88.860] | (793/121/4) | 917
[84.025, 88.872] | (794/121/4) | 918
[84.042, 88.885] | (795/121/4) | 919
[83.943, 88.796] | (795/122/4) | 920
[83.845, 88.708] | (795/123/4) | 921
[83.862, 88.720] | (796/123/4) | 922
[83.880, 88.733] | (797/123/4) | 923
[83.897, 88.745] | (798/123/4) | 924
[83.914, 88.757] | (799/123/4) | 925
[83.931, 88.770] | (800/123/4) | 926
[83.834, 88.682] | (800/124/4) | 927
[83.851, 88.694] | (801/124/4) | 928
[83.754, 88.607] | (801/125/4) | 929
[83.771, 88.619] | (802/125/4) | 930
[83.674, 88.532] | (802/126/4) | 931
[83.691, 88.544] | (803/126/4) | 932
[83.708, 88.557] | (804/126/4) | 933
[83.726, 88.569] | (805/126/4) | 934
[83.743, 88.581] | (806/126/4) | 935
[83.760, 88.594] | (807/126/4) | 936
[83.777, 88.606] | (808/126/4) | 937
[83.794, 88.618] | (809/126/4) | 938
[83.811, 88.631] | (810/126/4) | 939
[83.715, 88.544] | (810/127/4) | 940
[83.732, 88.556] | (811/127/4) | 941
[83.749, 88.569] | (812/127/4) | 942
[83.766, 88.581] | (813/127/4) | 943
[83.783, 88.593] | (814/127/4) | 944
[83.800, 88.605] | (815/127/4) | 945
[83.817, 88.617] | (816/127/4) | 946
[83.833, 88.630] | (817/127/4) | 947
[83.850, 88.642] | (818/127/4) | 948
[83.755, 88.556] | (818/128/4) | 949
[83.772, 88.568] | (819/128/4) | 950
[83.789, 88.580] | (820/128/4) | 951
[83.806, 88.592] | (821/128/4) | 952
[83.822, 88.605] | (822/128/4) | 953
[83.839, 88.617] | (823/128/4) | 954
[83.856, 88.629] | (824/128/4) | 955
[83.872, 88.641] | (825/128/4) | 956
[83.889, 88.653] | (826/128/4) | 957
[83.905, 88.665] | (827/128/4) | 958
[83.922, 88.677] | (828/128/4) | 959
[83.938, 88.688] | (829/128/4) | 960
[83.955, 88.700] | (830/128/4) | 961
[83.971, 88.712] | (831/128/4) | 962
[83.988, 88.724] | (832/128/4) | 963
[84.004, 88.736] | (833/128/4) | 964
[84.020, 88.748] | (834/128/4) | 965
[84.036, 88.759] | (835/128/4) | 966
[84.053, 88.771] | (836/128/4) | 967
[84.069, 88.783] | (837/128/4) | 968
[84.085, 88.795] | (838/128/4) | 969
[84.101, 88.806] | (839/128/4) | 970
[84.008, 88.722] | (839/129/4) | 971
[83.915, 88.638] | (839/130/4) | 972
[83.932, 88.650] | (840/130/4) | 973
[83.948, 88.662] | (841/130/4) | 974
[83.964, 88.674] | (842/130/4) | 975
[83.980, 88.685] | (843/130/4) | 976
[83.996, 88.697] | (844/130/4) | 977
[84.012, 88.709] | (845/130/4) | 978
[84.028, 88.720] | (846/130/4) | 979
[84.045, 88.732] | (847/130/4) | 980
[83.952, 88.649] | (847/131/4) | 981
[83.861, 88.566] | (847/132/4) | 982
[83.877, 88.578] | (848/132/4) | 983
[83.893, 88.590] | (849/132/4) | 984
[83.909, 88.601] | (850/132/4) | 985
[83.925, 88.613] | (851/132/4) | 986
[83.941, 88.625] | (852/132/4) | 987
[83.957, 88.636] | (853/132/4) | 988
[83.973, 88.648] | (854/132/4) | 989
[83.989, 88.659] | (855/132/4) | 990
[84.005, 88.671] | (856/132/4) | 991
[84.021, 88.683] | (857/132/4) | 992
[84.037, 88.694] | (858/132/4) | 993
[84.052, 88.706] | (859/132/4) | 994
[84.068, 88.717] | (860/132/4) | 995
[83.978, 88.635] | (860/133/4) | 996
[83.993, 88.647] | (861/133/4) | 997
[84.009, 88.658] | (862/133/4) | 998
[84.025, 88.670] | (863/133/4) | 999
[84.041, 88.681] | (864/133/4) | 1000
[84.056, 88.692] | (865/133/4) | 1001
[84.072, 88.704] | (866/133/4) | 1002
[84.088, 88.715] | (867/133/4) | 1003
[84.103, 88.727] | (868/133/4) | 1004
[84.119, 88.738] | (869/133/4) | 1005
[84.134, 88.749] | (870/133/4) | 1006
[84.150, 88.760] | (871/133/4) | 1007
[84.165, 88.772] | (872/133/4) | 1008
[84.181, 88.783] | (873/133/4) | 1009
[84.196, 88.794] | (874/133/4) | 1010
[84.212, 88.805] | (875/133/4) | 1011
[84.227, 88.817] | (876/133/4) | 1012
[84.138, 88.736] | (876/134/4) | 1013
[84.153, 88.747] | (877/134/4) | 1014
[84.169, 88.758] | (878/134/4) | 1015
[84.184, 88.769] | (879/134/4) | 1016
[84.199, 88.781] | (880/134/4) | 1017
[84.214, 88.792] | (881/134/4) | 1018
[84.230, 88.803] | (882/134/4) | 1019
[84.245, 88.814] | (883/134/4) | 1020
[84.260, 88.825] | (884/134/4) | 1021
[84.275, 88.836] | (885/134/4) | 1022
[84.290, 88.847] | (886/134/4) | 1023
[84.306, 88.858] | (887/134/4) | 1024
[84.321, 88.869] | (888/134/4) | 1025
[84.336, 88.880] | (889/134/4) | 1026
[84.351, 88.891] | (890/134/4) | 1027
[84.366, 88.902] | (891/134/4) | 1028
[84.381, 88.913] | (892/134/4) | 1029
[84.396, 88.924] | (893/134/4) | 1030
[84.410, 88.934] | (894/134/4) | 1031
[84.425, 88.945] | (895/134/4) | 1032
[84.440, 88.956] | (896/134/4) | 1033
[84.455, 88.967] | (897/134/4) | 1034
[84.470, 88.978] | (898/134/4) | 1035
[84.485, 88.988] | (899/134/4) | 1036
[84.397, 88.909] | (899/135/4) | 1037
[84.412, 88.920] | (900/135/4) | 1038
[84.427, 88.931] | (901/135/4) | 1039
[84.441, 88.942] | (902/135/4) | 1040
[84.456, 88.952] | (903/135/4) | 1041
[84.471, 88.963] | (904/135/4) | 1042
[84.486, 88.974] | (905/135/4) | 1043
[84.399, 88.895] | (905/136/4) | 1044
[84.413, 88.906] | (906/136/4) | 1045
[84.428, 88.917] | (907/136/4) | 1046
[84.443, 88.928] | (908/136/4) | 1047
[84.457, 88.938] | (909/136/4) | 1048
[84.371, 88.860] | (909/137/4) | 1049
[84.386, 88.871] | (910/137/4) | 1050
[84.400, 88.882] | (911/137/4) | 1051
[84.415, 88.892] | (912/137/4) | 1052
[84.429, 88.903] | (913/137/4) | 1053
[84.444, 88.914] | (914/137/4) | 1054
[84.458, 88.924] | (915/137/4) | 1055
[84.473, 88.935] | (916/137/4) | 1056
[84.487, 88.945] | (917/137/4) | 1057
[84.502, 88.956] | (918/137/4) | 1058
[84.516, 88.966] | (919/137/4) | 1059
[84.431, 88.889] | (919/138/4) | 1060
[84.445, 88.900] | (920/138/4) | 1061
[84.360, 88.823] | (920/139/4) | 1062
[84.374, 88.833] | (921/139/4) | 1063
[84.389, 88.844] | (922/139/4) | 1064
[84.403, 88.854] | (923/139/4) | 1065
[84.418, 88.865] | (924/139/4) | 1066
[84.432, 88.875] | (925/139/4) | 1067
[84.446, 88.886] | (926/139/4) | 1068
[84.461, 88.897] | (927/139/4) | 1069
[84.376, 88.820] | (927/140/4) | 1070
[84.391, 88.831] | (928/140/4) | 1071
[84.405, 88.841] | (929/140/4) | 1072
[84.419, 88.852] | (930/140/4) | 1073
[84.434, 88.862] | (931/140/4) | 1074
[84.349, 88.786] | (931/141/4) | 1075
[84.364, 88.796] | (932/141/4) | 1076
[84.378, 88.807] | (933/141/4) | 1077
[84.392, 88.817] | (934/141/4) | 1078
[84.406, 88.828] | (935/141/4) | 1079
[84.421, 88.838] | (936/141/4) | 1080
[84.435, 88.849] | (937/141/4) | 1081
[84.449, 88.859] | (938/141/4) | 1082
[84.463, 88.869] | (939/141/4) | 1083
[84.477, 88.880] | (940/141/4) | 1084
[84.394, 88.804] | (940/142/4) | 1085
[84.408, 88.815] | (941/142/4) | 1086
[84.422, 88.825] | (942/142/4) | 1087
[84.436, 88.836] | (943/142/4) | 1088
[84.450, 88.846] | (944/142/4) | 1089
[84.367, 88.771] | (944/143/4) | 1090
[84.381, 88.781] | (945/143/4) | 1091
[84.396, 88.791] | (946/143/4) | 1092
[84.410, 88.802] | (947/143/4) | 1093
[84.424, 88.812] | (948/143/4) | 1094
[84.438, 88.822] | (949/143/4) | 1095
[84.452, 88.833] | (950/143/4) | 1096
[84.466, 88.843] | (951/143/4) | 1097
[84.480, 88.853] | (952/143/4) | 1098
[84.493, 88.864] | (953/143/4) | 1099
[84.507, 88.874] | (954/143/4) | 1100
[84.521, 88.884] | (955/143/4) | 1101
[84.535, 88.894] | (956/143/4) | 1102
[84.549, 88.904] | (957/143/4) | 1103
[84.563, 88.914] | (958/143/4) | 1104
[84.576, 88.925] | (959/143/4) | 1105
[84.590, 88.935] | (960/143/4) | 1106
[84.604, 88.945] | (961/143/4) | 1107
[84.618, 88.955] | (962/143/4) | 1108
[84.631, 88.965] | (963/143/4) | 1109
[84.645, 88.975] | (964/143/4) | 1110
[84.659, 88.985] | (965/143/4) | 1111
[84.672, 88.995] | (966/143/4) | 1112
[84.686, 89.005] | (967/143/4) | 1113
[84.699, 89.015] | (968/143/4) | 1114
[84.713, 89.025] | (969/143/4) | 1115
[84.631, 88.951] | (969/144/4) | 1116
[84.645, 88.961] | (970/144/4) | 1117
[84.659, 88.971] | (971/144/4) | 1118
[84.672, 88.981] | (972/144/4) | 1119
[84.686, 88.991] | (973/144/4) | 1120
[84.605, 88.918] | (973/145/4) | 1121
[84.618, 88.928] | (974/145/4) | 1122
[84.632, 88.938] | (975/145/4) | 1123
[84.645, 88.948] | (976/145/4) | 1124
[84.659, 88.958] | (977/145/4) | 1125
[84.672, 88.967] | (978/145/4) | 1126
[84.685, 88.977] | (979/145/4) | 1127
[84.699, 88.987] | (980/145/4) | 1128
[84.712, 88.997] | (981/145/4) | 1129
[84.632, 88.924] | (981/146/4) | 1130
[84.552, 88.852] | (981/147/4) | 1131
[84.565, 88.862] | (982/147/4) | 1132
[84.579, 88.872] | (983/147/4) | 1133
[84.592, 88.882] | (984/147/4) | 1134
[84.605, 88.891] | (985/147/4) | 1135
[84.619, 88.901] | (986/147/4) | 1136
[84.539, 88.829] | (986/148/4) | 1137
[84.552, 88.839] | (987/148/4) | 1138
[84.566, 88.849] | (988/148/4) | 1139
[84.579, 88.859] | (989/148/4) | 1140
[84.593, 88.869] | (990/148/4) | 1141
[84.513, 88.797] | (990/149/4) | 1142
[84.527, 88.807] | (991/149/4) | 1143
[84.540, 88.817] | (992/149/4) | 1144
[84.553, 88.826] | (993/149/4) | 1145
[84.567, 88.836] | (994/149/4) | 1146
[84.580, 88.846] | (995/149/4) | 1147
[84.593, 88.856] | (996/149/4) | 1148
[84.606, 88.866] | (997/149/4) | 1149
[84.619, 88.875] | (998/149/4) | 1150
[84.633, 88.885] | (999/149/4) | 1151
[84.646, 88.895] | (1000/149/4) | 1152
[84.567, 88.824] | (1000/150/4) | 1153
[84.580, 88.834] | (1001/150/4) | 1154
[84.502, 88.762] | (1001/151/4) | 1155
[84.515, 88.772] | (1002/151/4) | 1156
[84.528, 88.782] | (1003/151/4) | 1157
[84.542, 88.792] | (1004/151/4) | 1158
[84.555, 88.802] | (1005/151/4) | 1159
[84.477, 88.731] | (1005/152/4) | 1160
[84.490, 88.741] | (1006/152/4) | 1161
[84.503, 88.750] | (1007/152/4) | 1162
[84.516, 88.760] | (1008/152/4) | 1163
[84.529, 88.770] | (1009/152/4) | 1164
[84.542, 88.780] | (1010/152/4) | 1165
[84.556, 88.789] | (1011/152/4) | 1166
[84.569, 88.799] | (1012/152/4) | 1167
[84.582, 88.809] | (1013/152/4) | 1168
[84.504, 88.739] | (1013/153/4) | 1169
[84.517, 88.748] | (1014/153/4) | 1170
[84.530, 88.758] | (1015/153/4) | 1171
[84.543, 88.768] | (1016/153/4) | 1172
[84.556, 88.777] | (1017/153/4) | 1173
[84.569, 88.787] | (1018/153/4) | 1174
[84.582, 88.797] | (1019/153/4) | 1175
[84.595, 88.806] | (1020/153/4) | 1176
[84.518, 88.736] | (1020/154/4) | 1177
[84.531, 88.746] | (1021/154/4) | 1178
[84.544, 88.756] | (1022/154/4) | 1179
[84.557, 88.765] | (1023/154/4) | 1180
[84.570, 88.775] | (1024/154/4) | 1181
[84.583, 88.784] | (1025/154/4) | 1182
[84.596, 88.794] | (1026/154/4) | 1183
[84.609, 88.804] | (1027/154/4) | 1184
[84.621, 88.813] | (1028/154/4) | 1185
[84.634, 88.823] | (1029/154/4) | 1186
[84.647, 88.832] | (1030/154/4) | 1187
[84.660, 88.842] | (1031/154/4) | 1188
[84.672, 88.851] | (1032/154/4) | 1189
[84.685, 88.861] | (1033/154/4) | 1190
[84.698, 88.870] | (1034/154/4) | 1191
[84.710, 88.879] | (1035/154/4) | 1192
[84.723, 88.889] | (1036/154/4) | 1193
[84.736, 88.898] | (1037/154/4) | 1194
[84.660, 88.829] | (1037/155/4) | 1195
[84.673, 88.839] | (1038/155/4) | 1196
[84.685, 88.848] | (1039/155/4) | 1197
[84.698, 88.858] | (1040/155/4) | 1198
[84.710, 88.867] | (1041/155/4) | 1199
[84.723, 88.876] | (1042/155/4) | 1200
[84.648, 88.808] | (1042/156/4) | 1201
[84.660, 88.817] | (1043/156/4) | 1202
[84.673, 88.827] | (1044/156/4) | 1203
[84.685, 88.836] | (1045/156/4) | 1204
[84.610, 88.768] | (1045/157/4) | 1205
[84.623, 88.777] | (1046/157/4) | 1206
[84.548, 88.709] | (1046/158/4) | 1207
[84.560, 88.719] | (1047/158/4) | 1208
[84.573, 88.728] | (1048/158/4) | 1209
[84.586, 88.737] | (1049/158/4) | 1210
[84.598, 88.747] | (1050/158/4) | 1211
[84.611, 88.756] | (1051/158/4) | 1212
[84.623, 88.765] | (1052/158/4) | 1213
[84.636, 88.775] | (1053/158/4) | 1214
[84.648, 88.784] | (1054/158/4) | 1215
[84.661, 88.793] | (1055/158/4) | 1216
[84.673, 88.803] | (1056/158/4) | 1217
[84.599, 88.735] | (1056/159/4) | 1218
[84.525, 88.668] | (1056/160/4) | 1219
[84.537, 88.677] | (1057/160/4) | 1220
[84.463, 88.610] | (1057/161/4) | 1221
[84.476, 88.619] | (1058/161/4) | 1222
[84.402, 88.552] | (1058/162/4) | 1223
[84.415, 88.562] | (1059/162/4) | 1224
[84.427, 88.571] | (1060/162/4) | 1225
[84.440, 88.580] | (1061/162/4) | 1226
[84.452, 88.590] | (1062/162/4) | 1227
[84.465, 88.599] | (1063/162/4) | 1228
[84.477, 88.609] | (1064/162/4) | 1229
[84.490, 88.618] | (1065/162/4) | 1230
[84.502, 88.627] | (1066/162/4) | 1231
[84.514, 88.636] | (1067/162/4) | 1232
[84.441, 88.570] | (1067/163/4) | 1233
[84.454, 88.579] | (1068/163/4) | 1234
[84.381, 88.513] | (1068/164/4) | 1235
[84.308, 88.446] | (1068/165/4) | 1236
[84.235, 88.380] | (1068/166/4) | 1237
[84.248, 88.389] | (1069/166/4) | 1238
[84.260, 88.399] | (1070/166/4) | 1239
[84.273, 88.408] | (1071/166/4) | 1240
[84.285, 88.418] | (1072/166/4) | 1241
[84.298, 88.427] | (1073/166/4) | 1242
[84.310, 88.437] | (1074/166/4) | 1243
[84.323, 88.446] | (1075/166/4) | 1244
[84.335, 88.455] | (1076/166/4) | 1245
[84.347, 88.465] | (1077/166/4) | 1246
[84.360, 88.474] | (1078/166/4) | 1247
[84.288, 88.408] | (1078/167/4) | 1248
[84.300, 88.418] | (1079/167/4) | 1249
[84.313, 88.427] | (1080/167/4) | 1250
[84.325, 88.436] | (1081/167/4) | 1251
[84.337, 88.446] | (1082/167/4) | 1252
[84.350, 88.455] | (1083/167/4) | 1253
[84.362, 88.464] | (1084/167/4) | 1254
[84.374, 88.473] | (1085/167/4) | 1255
[84.386, 88.483] | (1086/167/4) | 1256
[84.399, 88.492] | (1087/167/4) | 1257
[84.411, 88.501] | (1088/167/4) | 1258
[84.423, 88.510] | (1089/167/4) | 1259
[84.435, 88.520] | (1090/167/4) | 1260
[84.448, 88.529] | (1091/167/4) | 1261
[84.460, 88.538] | (1092/167/4) | 1262
[84.472, 88.547] | (1093/167/4) | 1263
[84.484, 88.556] | (1094/167/4) | 1264
[84.496, 88.565] | (1095/167/4) | 1265
[84.508, 88.574] | (1096/167/4) | 1266
[84.437, 88.510] | (1096/168/4) | 1267
[84.449, 88.519] | (1097/168/4) | 1268
[84.461, 88.528] | (1098/168/4) | 1269
[84.473, 88.537] | (1099/168/4) | 1270
[84.402, 88.472] | (1099/169/4) | 1271
[84.332, 88.408] | (1099/170/4) | 1272
[84.344, 88.417] | (1100/170/4) | 1273
[84.356, 88.426] | (1101/170/4) | 1274
[84.368, 88.435] | (1102/170/4) | 1275
[84.380, 88.444] | (1103/170/4) | 1276
[84.392, 88.454] | (1104/170/4) | 1277
[84.404, 88.463] | (1105/170/4) | 1278
[84.416, 88.472] | (1106/170/4) | 1279
[84.428, 88.481] | (1107/170/4) | 1280
[84.440, 88.490] | (1108/170/4) | 1281
[84.452, 88.499] | (1109/170/4) | 1282
[84.464, 88.508] | (1110/170/4) | 1283
[84.476, 88.517] | (1111/170/4) | 1284
[84.488, 88.526] | (1112/170/4) | 1285
[84.500, 88.535] | (1113/170/4) | 1286
[84.512, 88.544] | (1114/170/4) | 1287
[84.524, 88.553] | (1115/170/4) | 1288
[84.536, 88.562] | (1116/170/4) | 1289
[84.547, 88.571] | (1117/170/4) | 1290
[84.559, 88.580] | (1118/170/4) | 1291
[84.571, 88.589] | (1119/170/4) | 1292
[84.583, 88.598] | (1120/170/4) | 1293
[84.595, 88.607] | (1121/170/4) | 1294
[84.606, 88.615] | (1122/170/4) | 1295
[84.618, 88.624] | (1123/170/4) | 1296
[84.630, 88.633] | (1124/170/4) | 1297
[84.641, 88.642] | (1125/170/4) | 1298
[84.653, 88.651] | (1126/170/4) | 1299
[84.665, 88.660] | (1127/170/4) | 1300
[84.676, 88.668] | (1128/170/4) | 1301
[84.688, 88.677] | (1129/170/4) | 1302
[84.700, 88.686] | (1130/170/4) | 1303
[84.711, 88.695] | (1131/170/4) | 1304
[84.642, 88.632] | (1131/171/4) | 1305
[84.654, 88.640] | (1132/171/4) | 1306
[84.665, 88.649] | (1133/171/4) | 1307
[84.596, 88.586] | (1133/172/4) | 1308
[84.608, 88.595] | (1134/172/4) | 1309
[84.619, 88.604] | (1135/172/4) | 1310
[84.631, 88.613] | (1136/172/4) | 1311
[84.642, 88.621] | (1137/172/4) | 1312
[84.654, 88.630] | (1138/172/4) | 1313
[84.666, 88.639] | (1139/172/4) | 1314
[84.677, 88.647] | (1140/172/4) | 1315
[84.689, 88.656] | (1141/172/4) | 1316
[84.700, 88.665] | (1142/172/4) | 1317
[84.711, 88.674] | (1143/172/4) | 1318
[84.723, 88.682] | (1144/172/4) | 1319
[84.655, 88.620] | (1144/173/4) | 1320
[84.586, 88.557] | (1144/174/4) | 1321
[84.598, 88.566] | (1145/174/4) | 1322
[84.609, 88.575] | (1146/174/4) | 1323
[84.541, 88.513] | (1146/175/4) | 1324
[84.553, 88.521] | (1147/175/4) | 1325
[84.564, 88.530] | (1148/175/4) | 1326
[84.576, 88.539] | (1149/175/4) | 1327
[84.508, 88.477] | (1149/176/4) | 1328
[84.519, 88.486] | (1150/176/4) | 1329
[84.531, 88.494] | (1151/176/4) | 1330
[84.542, 88.503] | (1152/176/4) | 1331
[84.554, 88.512] | (1153/176/4) | 1332
[84.565, 88.521] | (1154/176/4) | 1333
[84.498, 88.459] | (1154/177/4) | 1334
[84.509, 88.468] | (1155/177/4) | 1335
[84.521, 88.476] | (1156/177/4) | 1336
[84.532, 88.485] | (1157/177/4) | 1337
[84.543, 88.494] | (1158/177/4) | 1338
[84.476, 88.432] | (1158/178/4) | 1339
[84.488, 88.441] | (1159/178/4) | 1340
[84.499, 88.450] | (1160/178/4) | 1341
[84.510, 88.458] | (1161/178/4) | 1342
[84.522, 88.467] | (1162/178/4) | 1343
[84.533, 88.476] | (1163/178/4) | 1344
[84.545, 88.484] | (1164/178/4) | 1345
[84.556, 88.493] | (1165/178/4) | 1346
[84.489, 88.432] | (1165/179/4) | 1347
[84.500, 88.440] | (1166/179/4) | 1348
[84.512, 88.449] | (1167/179/4) | 1349
[84.523, 88.458] | (1168/179/4) | 1350
[84.456, 88.397] | (1168/180/4) | 1351
[84.468, 88.405] | (1169/180/4) | 1352
[84.479, 88.414] | (1170/180/4) | 1353
[84.490, 88.423] | (1171/180/4) | 1354
[84.502, 88.431] | (1172/180/4) | 1355
[84.435, 88.371] | (1172/181/4) | 1356
[84.447, 88.379] | (1173/181/4) | 1357
[84.458, 88.388] | (1174/181/4) | 1358
[84.469, 88.396] | (1175/181/4) | 1359
[84.481, 88.405] | (1176/181/4) | 1360
[84.415, 88.345] | (1176/182/4) | 1361
[84.426, 88.353] | (1177/182/4) | 1362
[84.437, 88.362] | (1178/182/4) | 1363
[84.448, 88.370] | (1179/182/4) | 1364
[84.460, 88.379] | (1180/182/4) | 1365
[84.471, 88.388] | (1181/182/4) | 1366
[84.482, 88.396] | (1182/182/4) | 1367
[84.493, 88.405] | (1183/182/4) | 1368
[84.428, 88.345] | (1183/183/4) | 1369
[84.362, 88.285] | (1183/184/4) | 1370
[84.297, 88.225] | (1183/185/4) | 1371
[84.231, 88.165] | (1183/186/4) | 1372
[84.243, 88.173] | (1184/186/4) | 1373
[84.254, 88.182] | (1185/186/4) | 1374
[84.265, 88.191] | (1186/186/4) | 1375
[84.277, 88.199] | (1187/186/4) | 1376
[84.288, 88.208] | (1188/186/4) | 1377
[84.299, 88.217] | (1189/186/4) | 1378
[84.310, 88.225] | (1190/186/4) | 1379
[84.322, 88.234] | (1191/186/4) | 1380
[84.333, 88.243] | (1192/186/4) | 1381
[84.344, 88.251] | (1193/186/4) | 1382
[84.355, 88.260] | (1194/186/4) | 1383
[84.366, 88.268] | (1195/186/4) | 1384
[84.377, 88.277] | (1196/186/4) | 1385
[84.389, 88.285] | (1197/186/4) | 1386
[84.400, 88.294] | (1198/186/4) | 1387
[84.411, 88.302] | (1199/186/4) | 1388
[84.346, 88.243] | (1199/187/4) | 1389
[84.357, 88.252] | (1200/187/4) | 1390
[84.368, 88.260] | (1201/187/4) | 1391
[84.379, 88.269] | (1202/187/4) | 1392
[84.391, 88.277] | (1203/187/4) | 1393
[84.402, 88.286] | (1204/187/4) | 1394
[84.413, 88.294] | (1205/187/4) | 1395
[84.424, 88.303] | (1206/187/4) | 1396
[84.359, 88.244] | (1206/188/4) | 1397
[84.370, 88.252] | (1207/188/4) | 1398
[84.381, 88.261] | (1208/188/4) | 1399
[84.392, 88.269] | (1209/188/4) | 1400
[84.403, 88.277] | (1210/188/4) | 1401
[84.339, 88.219] | (1210/189/4) | 1402
[84.350, 88.227] | (1211/189/4) | 1403
[84.361, 88.236] | (1212/189/4) | 1404
[84.372, 88.244] | (1213/189/4) | 1405
[84.383, 88.253] | (1214/189/4) | 1406
[84.394, 88.261] | (1215/189/4) | 1407
[84.405, 88.269] | (1216/189/4) | 1408
[84.416, 88.278] | (1217/189/4) | 1409
[84.427, 88.286] | (1218/189/4) | 1410
[84.438, 88.295] | (1219/189/4) | 1411
[84.449, 88.303] | (1220/189/4) | 1412
[84.460, 88.311] | (1221/189/4) | 1413
[84.471, 88.320] | (1222/189/4) | 1414
[84.482, 88.328] | (1223/189/4) | 1415
[84.492, 88.336] | (1224/189/4) | 1416
[84.503, 88.345] | (1225/189/4) | 1417
[84.440, 88.286] | (1225/190/4) | 1418
[84.451, 88.295] | (1226/190/4) | 1419
[84.461, 88.303] | (1227/190/4) | 1420
[84.472, 88.311] | (1228/190/4) | 1421
[84.483, 88.320] | (1229/190/4) | 1422
[84.494, 88.328] | (1230/190/4) | 1423
[84.505, 88.336] | (1231/190/4) | 1424
[84.515, 88.344] | (1232/190/4) | 1425
[84.526, 88.353] | (1233/190/4) | 1426
[84.537, 88.361] | (1234/190/4) | 1427
[84.547, 88.369] | (1235/190/4) | 1428
[84.558, 88.377] | (1236/190/4) | 1429
[84.569, 88.386] | (1237/190/4) | 1430
[84.506, 88.328] | (1237/191/4) | 1431
[84.443, 88.270] | (1237/192/4) | 1432
[84.381, 88.213] | (1237/193/4) | 1433
[84.391, 88.221] | (1238/193/4) | 1434
[84.402, 88.230] | (1239/193/4) | 1435
[84.340, 88.172] | (1239/194/4) | 1436
[84.351, 88.181] | (1240/194/4) | 1437
[84.361, 88.189] | (1241/194/4) | 1438
[84.372, 88.197] | (1242/194/4) | 1439
[84.383, 88.205] | (1243/194/4) | 1440
[84.393, 88.214] | (1244/194/4) | 1441
[84.404, 88.222] | (1245/194/4) | 1442
[84.415, 88.230] | (1246/194/4) | 1443
[84.425, 88.238] | (1247/194/4) | 1444
[84.436, 88.246] | (1248/194/4) | 1445
[84.447, 88.255] | (1249/194/4) | 1446
[84.457, 88.263] | (1250/194/4) | 1447
[84.395, 88.206] | (1250/195/4) | 1448
[84.334, 88.149] | (1250/196/4) | 1449
[84.344, 88.157] | (1251/196/4) | 1450
[84.355, 88.166] | (1252/196/4) | 1451
[84.365, 88.174] | (1253/196/4) | 1452
[84.376, 88.182] | (1254/196/4) | 1453
[84.387, 88.190] | (1255/196/4) | 1454
[84.397, 88.198] | (1256/196/4) | 1455
[84.408, 88.207] | (1257/196/4) | 1456
[84.418, 88.215] | (1258/196/4) | 1457
[84.429, 88.223] | (1259/196/4) | 1458
[84.440, 88.231] | (1260/196/4) | 1459
[84.450, 88.239] | (1261/196/4) | 1460
[84.461, 88.247] | (1262/196/4) | 1461
[84.471, 88.255] | (1263/196/4) | 1462
[84.410, 88.199] | (1263/197/4) | 1463
[84.420, 88.207] | (1264/197/4) | 1464
[84.431, 88.215] | (1265/197/4) | 1465
[84.370, 88.159] | (1265/198/4) | 1466
[84.380, 88.167] | (1266/198/4) | 1467
[84.391, 88.175] | (1267/198/4) | 1468
[84.401, 88.184] | (1268/198/4) | 1469
[84.412, 88.192] | (1269/198/4) | 1470
[84.422, 88.200] | (1270/198/4) | 1471
[84.433, 88.208] | (1271/198/4) | 1472
[84.443, 88.216] | (1272/198/4) | 1473
[84.453, 88.224] | (1273/198/4) | 1474
[84.464, 88.232] | (1274/198/4) | 1475
[84.403, 88.176] | (1274/199/4) | 1476
[84.414, 88.184] | (1275/199/4) | 1477
[84.424, 88.192] | (1276/199/4) | 1478
[84.434, 88.200] | (1277/199/4) | 1479
[84.445, 88.208] | (1278/199/4) | 1480
[84.384, 88.153] | (1278/200/4) | 1481
[84.395, 88.161] | (1279/200/4) | 1482
[84.405, 88.169] | (1280/200/4) | 1483
[84.415, 88.177] | (1281/200/4) | 1484
[84.426, 88.185] | (1282/200/4) | 1485
[84.436, 88.193] | (1283/200/4) | 1486
[84.447, 88.201] | (1284/200/4) | 1487
[84.386, 88.146] | (1284/201/4) | 1488
[84.326, 88.090] | (1284/202/4) | 1489
[84.337, 88.098] | (1285/202/4) | 1490
[84.277, 88.043] | (1285/203/4) | 1491
[84.287, 88.051] | (1286/203/4) | 1492
[84.297, 88.059] | (1287/203/4) | 1493
[84.308, 88.067] | (1288/203/4) | 1494
[84.248, 88.012] | (1288/204/4) | 1495
[84.188, 87.957] | (1288/205/4) | 1496
[84.199, 87.965] | (1289/205/4) | 1497
[84.209, 87.973] | (1290/205/4) | 1498
[84.219, 87.982] | (1291/205/4) | 1499
[84.230, 87.990] | (1292/205/4) | 1500
[84.240, 87.998] | (1293/205/4) | 1501
[84.251, 88.006] | (1294/205/4) | 1502
[84.261, 88.014] | (1295/205/4) | 1503
[84.271, 88.022] | (1296/205/4) | 1504
[84.282, 88.030] | (1297/205/4) | 1505
[84.292, 88.038] | (1298/205/4) | 1506
[84.302, 88.046] | (1299/205/4) | 1507
[84.312, 88.054] | (1300/205/4) | 1508
[84.323, 88.062] | (1301/205/4) | 1509
[84.333, 88.070] | (1302/205/4) | 1510
[84.343, 88.078] | (1303/205/4) | 1511
[84.353, 88.086] | (1304/205/4) | 1512
[84.364, 88.094] | (1305/205/4) | 1513
[84.374, 88.102] | (1306/205/4) | 1514
[84.384, 88.110] | (1307/205/4) | 1515
[84.394, 88.117] | (1308/205/4) | 1516
[84.404, 88.125] | (1309/205/4) | 1517
[84.415, 88.133] | (1310/205/4) | 1518
[84.425, 88.141] | (1311/205/4) | 1519
[84.366, 88.087] | (1311/206/4) | 1520
[84.376, 88.095] | (1312/206/4) | 1521
[84.386, 88.103] | (1313/206/4) | 1522
[84.396, 88.111] | (1314/206/4) | 1523
[84.406, 88.118] | (1315/206/4) | 1524
[84.416, 88.126] | (1316/206/4) | 1525
[84.427, 88.134] | (1317/206/4) | 1526
[84.437, 88.142] | (1318/206/4) | 1527
[84.447, 88.150] | (1319/206/4) | 1528
[84.457, 88.158] | (1320/206/4) | 1529
[84.467, 88.165] | (1321/206/4) | 1530
[84.477, 88.173] | (1322/206/4) | 1531
[84.487, 88.181] | (1323/206/4) | 1532
[84.497, 88.189] | (1324/206/4) | 1533
[84.438, 88.135] | (1324/207/4) | 1534
[84.448, 88.143] | (1325/207/4) | 1535
[84.458, 88.151] | (1326/207/4) | 1536
[84.468, 88.158] | (1327/207/4) | 1537
[84.478, 88.166] | (1328/207/4) | 1538
[84.488, 88.174] | (1329/207/4) | 1539
[84.498, 88.182] | (1330/207/4) | 1540
[84.508, 88.189] | (1331/207/4) | 1541
[84.518, 88.197] | (1332/207/4) | 1542
[84.528, 88.205] | (1333/207/4) | 1543
[84.538, 88.212] | (1334/207/4) | 1544
[84.548, 88.220] | (1335/207/4) | 1545
[84.558, 88.228] | (1336/207/4) | 1546
[84.568, 88.235] | (1337/207/4) | 1547
[84.577, 88.243] | (1338/207/4) | 1548
[84.587, 88.251] | (1339/207/4) | 1549
[84.597, 88.258] | (1340/207/4) | 1550
[84.607, 88.266] | (1341/207/4) | 1551
[84.617, 88.274] | (1342/207/4) | 1552
[84.627, 88.281] | (1343/207/4) | 1553
[84.636, 88.289] | (1344/207/4) | 1554
[84.646, 88.296] | (1345/207/4) | 1555
[84.656, 88.304] | (1346/207/4) | 1556
[84.666, 88.312] | (1347/207/4) | 1557
[84.675, 88.319] | (1348/207/4) | 1558
[84.685, 88.327] | (1349/207/4) | 1559
[84.695, 88.334] | (1350/207/4) | 1560
[84.704, 88.342] | (1351/207/4) | 1561
[84.714, 88.349] | (1352/207/4) | 1562
[84.724, 88.357] | (1353/207/4) | 1563
[84.733, 88.364] | (1354/207/4) | 1564
[84.743, 88.372] | (1355/207/4) | 1565
[84.686, 88.319] | (1355/208/4) | 1566
[84.695, 88.327] | (1356/208/4) | 1567
[84.638, 88.274] | (1356/209/4) | 1568
[84.648, 88.281] | (1357/209/4) | 1569
[84.657, 88.289] | (1358/209/4) | 1570
[84.667, 88.296] | (1359/209/4) | 1571
[84.677, 88.304] | (1360/209/4) | 1572
[84.686, 88.311] | (1361/209/4) | 1573
[84.696, 88.319] | (1362/209/4) | 1574
[84.706, 88.326] | (1363/209/4) | 1575
[84.715, 88.334] | (1364/209/4) | 1576
[84.725, 88.341] | (1365/209/4) | 1577
[84.734, 88.349] | (1366/209/4) | 1578
[84.744, 88.356] | (1367/209/4) | 1579
[84.753, 88.364] | (1368/209/4) | 1580
[84.763, 88.371] | (1369/209/4) | 1581
[84.772, 88.379] | (1370/209/4) | 1582
[84.782, 88.386] | (1371/209/4) | 1583
[84.791, 88.393] | (1372/209/4) | 1584
[84.801, 88.401] | (1373/209/4) | 1585
[84.744, 88.349] | (1373/210/4) | 1586
[84.754, 88.356] | (1374/210/4) | 1587
[84.763, 88.363] | (1375/210/4) | 1588
[84.773, 88.371] | (1376/210/4) | 1589
[84.782, 88.378] | (1377/210/4) | 1590
[84.792, 88.385] | (1378/210/4) | 1591
[84.801, 88.393] | (1379/210/4) | 1592
[84.810, 88.400] | (1380/210/4) | 1593
[84.820, 88.407] | (1381/210/4) | 1594
[84.829, 88.415] | (1382/210/4) | 1595
[84.839, 88.422] | (1383/210/4) | 1596
[84.848, 88.429] | (1384/210/4) | 1597
[84.857, 88.437] | (1385/210/4) | 1598
[84.801, 88.385] | (1385/211/4) | 1599
[84.811, 88.392] | (1386/211/4) | 1600
[84.820, 88.400] | (1387/211/4) | 1601
[84.764, 88.348] | (1387/212/4) | 1602
[84.773, 88.355] | (1388/212/4) | 1603
[84.783, 88.363] | (1389/212/4) | 1604
[84.792, 88.370] | (1390/212/4) | 1605
[84.801, 88.377] | (1391/212/4) | 1606
[84.811, 88.384] | (1392/212/4) | 1607
[84.820, 88.392] | (1393/212/4) | 1608
[84.829, 88.399] | (1394/212/4) | 1609
[84.839, 88.406] | (1395/212/4) | 1610
[84.783, 88.355] | (1395/213/4) | 1611
[84.792, 88.362] | (1396/213/4) | 1612
[84.802, 88.369] | (1397/213/4) | 1613
[84.811, 88.377] | (1398/213/4) | 1614
[84.820, 88.384] | (1399/213/4) | 1615
[84.829, 88.391] | (1400/213/4) | 1616
[84.839, 88.398] | (1401/213/4) | 1617
[84.848, 88.406] | (1402/213/4) | 1618
[84.857, 88.413] | (1403/213/4) | 1619
[84.866, 88.420] | (1404/213/4) | 1620
[84.876, 88.427] | (1405/213/4) | 1621
[84.885, 88.435] | (1406/213/4) | 1622
[84.894, 88.442] | (1407/213/4) | 1623
[84.903, 88.449] | (1408/213/4) | 1624
[84.912, 88.456] | (1409/213/4) | 1625
[84.922, 88.463] | (1410/213/4) | 1626
[84.931, 88.470] | (1411/213/4) | 1627
[84.876, 88.419] | (1411/214/4) | 1628
[84.885, 88.427] | (1412/214/4) | 1629
[84.830, 88.376] | (1412/215/4) | 1630
[84.839, 88.383] | (1413/215/4) | 1631
[84.848, 88.390] | (1414/215/4) | 1632
[84.793, 88.339] | (1414/216/4) | 1633
[84.802, 88.347] | (1415/216/4) | 1634
[84.811, 88.354] | (1416/216/4) | 1635
[84.820, 88.361] | (1417/216/4) | 1636
[84.830, 88.368] | (1418/216/4) | 1637
[84.839, 88.375] | (1419/216/4) | 1638
[84.784, 88.325] | (1419/217/4) | 1639
[84.793, 88.332] | (1420/217/4) | 1640
[84.802, 88.339] | (1421/217/4) | 1641
[84.811, 88.346] | (1422/217/4) | 1642
[84.821, 88.354] | (1423/217/4) | 1643
[84.830, 88.361] | (1424/217/4) | 1644
[84.839, 88.368] | (1425/217/4) | 1645
[84.848, 88.375] | (1426/217/4) | 1646
[84.793, 88.325] | (1426/218/4) | 1647
[84.802, 88.332] | (1427/218/4) | 1648
[84.812, 88.339] | (1428/218/4) | 1649
[84.821, 88.346] | (1429/218/4) | 1650
[84.830, 88.353] | (1430/218/4) | 1651
[84.839, 88.360] | (1431/218/4) | 1652
[84.848, 88.367] | (1432/218/4) | 1653
[84.857, 88.374] | (1433/218/4) | 1654
[84.866, 88.382] | (1434/218/4) | 1655
[84.875, 88.389] | (1435/218/4) | 1656
[84.884, 88.396] | (1436/218/4) | 1657
[84.893, 88.403] | (1437/218/4) | 1658
[84.902, 88.410] | (1438/218/4) | 1659
[84.848, 88.360] | (1438/219/4) | 1660
[84.857, 88.367] | (1439/219/4) | 1661
[84.866, 88.374] | (1440/219/4) | 1662
[84.875, 88.381] | (1441/219/4) | 1663
[84.884, 88.388] | (1442/219/4) | 1664
[84.893, 88.395] | (1443/219/4) | 1665
[84.902, 88.402] | (1444/219/4) | 1666
[84.911, 88.409] | (1445/219/4) | 1667
[84.920, 88.416] | (1446/219/4) | 1668
[84.929, 88.423] | (1447/219/4) | 1669
[84.938, 88.430] | (1448/219/4) | 1670
[84.947, 88.437] | (1449/219/4) | 1671
[84.955, 88.444] | (1450/219/4) | 1672
[84.964, 88.451] | (1451/219/4) | 1673
[84.973, 88.458] | (1452/219/4) | 1674
[84.982, 88.465] | (1453/219/4) | 1675
[84.991, 88.472] | (1454/219/4) | 1676
[85.000, 88.479] | (1455/219/4) | 1677
[84.946, 88.486] | (1455/219/5) | 1678
[84.955, 88.493] | (1456/219/5) | 1679
[84.964, 88.499] | (1457/219/5) | 1680
[84.973, 88.506] | (1458/219/5) | 1681
[84.982, 88.513] | (1459/219/5) | 1682
[84.928, 88.464] | (1459/220/5) | 1683
[84.937, 88.471] | (1460/220/5) | 1684
[84.946, 88.478] | (1461/220/5) | 1685
[84.955, 88.485] | (1462/220/5) | 1686
[84.963, 88.492] | (1463/220/5) | 1687
[84.972, 88.498] | (1464/220/5) | 1688
[84.981, 88.505] | (1465/220/5) | 1689
[84.990, 88.512] | (1466/220/5) | 1690
[84.999, 88.519] | (1467/220/5) | 1691
[85.007, 88.526] | (1468/220/5) | 1692
[85.016, 88.533] | (1469/220/5) | 1693
[85.025, 88.539] | (1470/220/5) | 1694
[85.034, 88.546] | (1471/220/5) | 1695
[85.042, 88.553] | (1472/220/5) | 1696
[85.051, 88.560] | (1473/220/5) | 1697
[85.060, 88.567] | (1474/220/5) | 1698
[85.007, 88.518] | (1474/221/5) | 1699
[85.015, 88.525] | (1475/221/5) | 1700
[85.024, 88.531] | (1476/221/5) | 1701
[85.033, 88.538] | (1477/221/5) | 1702
[85.042, 88.545] | (1478/221/5) | 1703
[85.050, 88.552] | (1479/221/5) | 1704
[85.059, 88.559] | (1480/221/5) | 1705
[85.068, 88.565] | (1481/221/5) | 1706
[85.076, 88.572] | (1482/221/5) | 1707
[85.085, 88.579] | (1483/221/5) | 1708
[85.094, 88.586] | (1484/221/5) | 1709
[85.041, 88.537] | (1484/222/5) | 1710
[85.050, 88.544] | (1485/222/5) | 1711
[85.058, 88.550] | (1486/222/5) | 1712
[85.067, 88.557] | (1487/222/5) | 1713
[85.075, 88.564] | (1488/222/5) | 1714
[85.084, 88.571] | (1489/222/5) | 1715
[85.093, 88.577] | (1490/222/5) | 1716
[85.101, 88.584] | (1491/222/5) | 1717
[85.049, 88.536] | (1491/223/5) | 1718
[85.057, 88.542] | (1492/223/5) | 1719
[85.066, 88.549] | (1493/223/5) | 1720
[85.075, 88.556] | (1494/223/5) | 1721
[85.083, 88.563] | (1495/223/5) | 1722
[85.092, 88.569] | (1496/223/5) | 1723
[85.100, 88.576] | (1497/223/5) | 1724
[85.109, 88.583] | (1498/223/5) | 1725
[85.117, 88.589] | (1499/223/5) | 1726
[85.126, 88.596] | (1500/223/5) | 1727
[85.134, 88.603] | (1501/223/5) | 1728
[85.143, 88.609] | (1502/223/5) | 1729
[85.151, 88.616] | (1503/223/5) | 1730
[85.160, 88.622] | (1504/223/5) | 1731
[85.168, 88.629] | (1505/223/5) | 1732
[85.177, 88.636] | (1506/223/5) | 1733
[85.185, 88.642] | (1507/223/5) | 1734
[85.194, 88.649] | (1508/223/5) | 1735
[85.202, 88.655] | (1509/223/5) | 1736
[85.210, 88.662] | (1510/223/5) | 1737
[85.219, 88.669] | (1511/223/5) | 1738
[85.227, 88.675] | (1512/223/5) | 1739
[85.236, 88.682] | (1513/223/5) | 1740
[85.244, 88.688] | (1514/223/5) | 1741
[85.252, 88.695] | (1515/223/5) | 1742
[85.201, 88.647] | (1515/224/5) | 1743
[85.209, 88.654] | (1516/224/5) | 1744
[85.217, 88.660] | (1517/224/5) | 1745
[85.226, 88.667] | (1518/224/5) | 1746
[85.174, 88.619] | (1518/225/5) | 1747
[85.183, 88.626] | (1519/225/5) | 1748
[85.191, 88.632] | (1520/225/5) | 1749
[85.199, 88.639] | (1521/225/5) | 1750
[85.208, 88.645] | (1522/225/5) | 1751
[85.216, 88.652] | (1523/225/5) | 1752
[85.165, 88.604] | (1523/226/5) | 1753
[85.173, 88.611] | (1524/226/5) | 1754
[85.181, 88.618] | (1525/226/5) | 1755
[85.190, 88.624] | (1526/226/5) | 1756
[85.198, 88.631] | (1527/226/5) | 1757
[85.206, 88.637] | (1528/226/5) | 1758
[85.215, 88.644] | (1529/226/5) | 1759
[85.223, 88.650] | (1530/226/5) | 1760
[85.231, 88.657] | (1531/226/5) | 1761
[85.240, 88.663] | (1532/226/5) | 1762
[85.248, 88.670] | (1533/226/5) | 1763
[85.256, 88.676] | (1534/226/5) | 1764
[85.264, 88.683] | (1535/226/5) | 1765
[85.273, 88.689] | (1536/226/5) | 1766
[85.281, 88.695] | (1537/226/5) | 1767
[85.230, 88.648] | (1537/227/5) | 1768
[85.238, 88.655] | (1538/227/5) | 1769
[85.246, 88.661] | (1539/227/5) | 1770
[85.255, 88.668] | (1540/227/5) | 1771
[85.263, 88.674] | (1541/227/5) | 1772
[85.271, 88.681] | (1542/227/5) | 1773
[85.220, 88.634] | (1542/228/5) | 1774
[85.229, 88.640] | (1543/228/5) | 1775
[85.237, 88.647] | (1544/228/5) | 1776
[85.245, 88.653] | (1545/228/5) | 1777
[85.253, 88.659] | (1546/228/5) | 1778
[85.261, 88.666] | (1547/228/5) | 1779
[85.211, 88.619] | (1547/229/5) | 1780
[85.219, 88.626] | (1548/229/5) | 1781
[85.227, 88.632] | (1549/229/5) | 1782
[85.235, 88.638] | (1550/229/5) | 1783
[85.243, 88.645] | (1551/229/5) | 1784
[85.252, 88.651] | (1552/229/5) | 1785
[85.260, 88.658] | (1553/229/5) | 1786
[85.268, 88.664] | (1554/229/5) | 1787
[85.276, 88.670] | (1555/229/5) | 1788
[85.284, 88.677] | (1556/229/5) | 1789
[85.234, 88.630] | (1556/230/5) | 1790
[85.242, 88.637] | (1557/230/5) | 1791
[85.250, 88.643] | (1558/230/5) | 1792
[85.258, 88.650] | (1559/230/5) | 1793
[85.266, 88.656] | (1560/230/5) | 1794
[85.275, 88.662] | (1561/230/5) | 1795
[85.283, 88.669] | (1562/230/5) | 1796
[85.291, 88.675] | (1563/230/5) | 1797
[85.299, 88.681] | (1564/230/5) | 1798
[85.307, 88.688] | (1565/230/5) | 1799
[85.315, 88.694] | (1566/230/5) | 1800
[85.323, 88.700] | (1567/230/5) | 1801
[85.331, 88.707] | (1568/230/5) | 1802
[85.281, 88.660] | (1568/231/5) | 1803
[85.289, 88.667] | (1569/231/5) | 1804
[85.297, 88.673] | (1570/231/5) | 1805
[85.305, 88.679] | (1571/231/5) | 1806
[85.313, 88.686] | (1572/231/5) | 1807
[85.321, 88.692] | (1573/231/5) | 1808
[85.329, 88.698] | (1574/231/5) | 1809
[85.337, 88.705] | (1575/231/5) | 1810
[85.288, 88.659] | (1575/232/5) | 1811
[85.296, 88.665] | (1576/232/5) | 1812
[85.304, 88.671] | (1577/232/5) | 1813
[85.312, 88.678] | (1578/232/5) | 1814
[85.320, 88.684] | (1579/232/5) | 1815
[85.328, 88.690] | (1580/232/5) | 1816
[85.336, 88.696] | (1581/232/5) | 1817
[85.286, 88.651] | (1581/233/5) | 1818
[85.294, 88.657] | (1582/233/5) | 1819
[85.302, 88.663] | (1583/233/5) | 1820
[85.253, 88.617] | (1583/234/5) | 1821
[85.261, 88.624] | (1584/234/5) | 1822
[85.269, 88.630] | (1585/234/5) | 1823
[85.277, 88.636] | (1586/234/5) | 1824
[85.285, 88.643] | (1587/234/5) | 1825
[85.293, 88.649] | (1588/234/5) | 1826
[85.300, 88.655] | (1589/234/5) | 1827
[85.308, 88.661] | (1590/234/5) | 1828
[85.316, 88.668] | (1591/234/5) | 1829
[85.324, 88.674] | (1592/234/5) | 1830
[85.332, 88.680] | (1593/234/5) | 1831
[85.340, 88.686] | (1594/234/5) | 1832
[85.348, 88.692] | (1595/234/5) | 1833
[85.299, 88.647] | (1595/235/5) | 1834
[85.307, 88.653] | (1596/235/5) | 1835
[85.315, 88.660] | (1597/235/5) | 1836
[85.323, 88.666] | (1598/235/5) | 1837
[85.331, 88.672] | (1599/235/5) | 1838
[85.282, 88.627] | (1599/236/5) | 1839
[85.289, 88.633] | (1600/236/5) | 1840
[85.297, 88.639] | (1601/236/5) | 1841
[85.305, 88.645] | (1602/236/5) | 1842
[85.313, 88.652] | (1603/236/5) | 1843
[85.321, 88.658] | (1604/236/5) | 1844
[85.329, 88.664] | (1605/236/5) | 1845
[85.337, 88.670] | (1606/236/5) | 1846
[85.345, 88.676] | (1607/236/5) | 1847
[85.352, 88.682] | (1608/236/5) | 1848
[85.360, 88.689] | (1609/236/5) | 1849
[85.368, 88.695] | (1610/236/5) | 1850
[85.376, 88.701] | (1611/236/5) | 1851
[85.384, 88.707] | (1612/236/5) | 1852
[85.392, 88.713] | (1613/236/5) | 1853
[85.399, 88.719] | (1614/236/5) | 1854
[85.407, 88.725] | (1615/236/5) | 1855
[85.415, 88.732] | (1616/236/5) | 1856
[85.423, 88.738] | (1617/236/5) | 1857
[85.430, 88.744] | (1618/236/5) | 1858
[85.438, 88.750] | (1619/236/5) | 1859
[85.446, 88.756] | (1620/236/5) | 1860
[85.454, 88.762] | (1621/236/5) | 1861
[85.461, 88.768] | (1622/236/5) | 1862
[85.469, 88.774] | (1623/236/5) | 1863
[85.421, 88.730] | (1623/237/5) | 1864
[85.428, 88.736] | (1624/237/5) | 1865
[85.436, 88.742] | (1625/237/5) | 1866
[85.444, 88.748] | (1626/237/5) | 1867
[85.396, 88.703] | (1626/238/5) | 1868
[85.403, 88.709] | (1627/238/5) | 1869
[85.411, 88.715] | (1628/238/5) | 1870
[85.419, 88.721] | (1629/238/5) | 1871
[85.426, 88.727] | (1630/238/5) | 1872
[85.434, 88.733] | (1631/238/5) | 1873
[85.442, 88.740] | (1632/238/5) | 1874
[85.394, 88.695] | (1632/239/5) | 1875
[85.401, 88.701] | (1633/239/5) | 1876
[85.409, 88.707] | (1634/239/5) | 1877
[85.417, 88.713] | (1635/239/5) | 1878
[85.424, 88.719] | (1636/239/5) | 1879
[85.432, 88.725] | (1637/239/5) | 1880
[85.440, 88.731] | (1638/239/5) | 1881
[85.447, 88.737] | (1639/239/5) | 1882
[85.455, 88.743] | (1640/239/5) | 1883
[85.463, 88.749] | (1641/239/5) | 1884
[85.470, 88.755] | (1642/239/5) | 1885
[85.478, 88.761] | (1643/239/5) | 1886
[85.486, 88.767] | (1644/239/5) | 1887
[85.493, 88.773] | (1645/239/5) | 1888
[85.501, 88.779] | (1646/239/5) | 1889
[85.508, 88.785] | (1647/239/5) | 1890
[85.516, 88.791] | (1648/239/5) | 1891
[85.524, 88.797] | (1649/239/5) | 1892
[85.531, 88.803] | (1650/239/5) | 1893
[85.539, 88.809] | (1651/239/5) | 1894
[85.546, 88.815] | (1652/239/5) | 1895
[85.554, 88.821] | (1653/239/5) | 1896
[85.561, 88.827] | (1654/239/5) | 1897
[85.569, 88.833] | (1655/239/5) | 1898
[85.576, 88.839] | (1656/239/5) | 1899
[85.584, 88.845] | (1657/239/5) | 1900
[85.536, 88.801] | (1657/240/5) | 1901
[85.544, 88.807] | (1658/240/5) | 1902
[85.551, 88.813] | (1659/240/5) | 1903
[85.559, 88.819] | (1660/240/5) | 1904
[85.566, 88.825] | (1661/240/5) | 1905
[85.574, 88.831] | (1662/240/5) | 1906
[85.581, 88.836] | (1663/240/5) | 1907
[85.589, 88.842] | (1664/240/5) | 1908
[85.596, 88.848] | (1665/240/5) | 1909
[85.604, 88.854] | (1666/240/5) | 1910
[85.611, 88.860] | (1667/240/5) | 1911
[85.619, 88.866] | (1668/240/5) | 1912
[85.626, 88.872] | (1669/240/5) | 1913
[85.634, 88.878] | (1670/240/5) | 1914
[85.641, 88.883] | (1671/240/5) | 1915
[85.648, 88.889] | (1672/240/5) | 1916
[85.656, 88.895] | (1673/240/5) | 1917
[85.663, 88.901] | (1674/240/5) | 1918
[85.671, 88.907] | (1675/240/5) | 1919
[85.678, 88.913] | (1676/240/5) | 1920
[85.685, 88.918] | (1677/240/5) | 1921
[85.693, 88.924] | (1678/240/5) | 1922
[85.700, 88.930] | (1679/240/5) | 1923
[85.653, 88.887] | (1679/241/5) | 1924
[85.660, 88.892] | (1680/241/5) | 1925
[85.668, 88.898] | (1681/241/5) | 1926
[85.675, 88.904] | (1682/241/5) | 1927
[85.682, 88.910] | (1683/241/5) | 1928
[85.690, 88.916] | (1684/241/5) | 1929
[85.697, 88.921] | (1685/241/5) | 1930
[85.705, 88.927] | (1686/241/5) | 1931
[85.712, 88.933] | (1687/241/5) | 1932
[85.719, 88.939] | (1688/241/5) | 1933
[85.726, 88.944] | (1689/241/5) | 1934
[85.734, 88.950] | (1690/241/5) | 1935
[85.741, 88.956] | (1691/241/5) | 1936
[85.748, 88.962] | (1692/241/5) | 1937
[85.756, 88.967] | (1693/241/5) | 1938
[85.763, 88.973] | (1694/241/5) | 1939
[85.770, 88.979] | (1695/241/5) | 1940
[85.777, 88.985] | (1696/241/5) | 1941
[85.785, 88.990] | (1697/241/5) | 1942
[85.792, 88.996] | (1698/241/5) | 1943
[85.799, 89.002] | (1699/241/5) | 1944
[85.806, 89.007] | (1700/241/5) | 1945
[85.814, 89.013] | (1701/241/5) | 1946
[85.821, 89.019] | (1702/241/5) | 1947
[85.828, 89.024] | (1703/241/5) | 1948
[85.835, 89.030] | (1704/241/5) | 1949
[85.842, 89.036] | (1705/241/5) | 1950
[85.850, 89.041] | (1706/241/5) | 1951
[85.803, 88.999] | (1706/242/5) | 1952
[85.810, 89.004] | (1707/242/5) | 1953
[85.818, 89.010] | (1708/242/5) | 1954
[85.825, 89.016] | (1709/242/5) | 1955
[85.832, 89.021] | (1710/242/5) | 1956
[85.839, 89.027] | (1711/242/5) | 1957
[85.846, 89.032] | (1712/242/5) | 1958
[85.800, 88.990] | (1712/243/5) | 1959
[85.807, 88.995] | (1713/243/5) | 1960
[85.814, 89.001] | (1714/243/5) | 1961
[85.821, 89.007] | (1715/243/5) | 1962
[85.829, 89.012] | (1716/243/5) | 1963
[85.836, 89.018] | (1717/243/5) | 1964
[85.843, 89.024] | (1718/243/5) | 1965
[85.797, 88.981] | (1718/244/5) | 1966
[85.751, 88.939] | (1718/245/5) | 1967
[85.758, 88.944] | (1719/245/5) | 1968
[85.765, 88.950] | (1720/245/5) | 1969
[85.772, 88.955] | (1721/245/5) | 1970
[85.779, 88.961] | (1722/245/5) | 1971
[85.786, 88.967] | (1723/245/5) | 1972
[85.794, 88.972] | (1724/245/5) | 1973
[85.801, 88.978] | (1725/245/5) | 1974
[85.808, 88.984] | (1726/245/5) | 1975
[85.815, 88.989] | (1727/245/5) | 1976
[85.822, 88.995] | (1728/245/5) | 1977
[85.829, 89.000] | (1729/245/5) | 1978
[85.836, 89.006] | (1730/245/5) | 1979
[85.843, 89.012] | (1731/245/5) | 1980
[85.850, 89.017] | (1732/245/5) | 1981
[85.805, 88.975] | (1732/246/5) | 1982
[85.759, 88.933] | (1732/247/5) | 1983
[85.766, 88.938] | (1733/247/5) | 1984
[85.773, 88.944] | (1734/247/5) | 1985
[85.780, 88.950] | (1735/247/5) | 1986
[85.787, 88.955] | (1736/247/5) | 1987
[85.742, 88.913] | (1736/248/5) | 1988
[85.749, 88.919] | (1737/248/5) | 1989
[85.756, 88.924] | (1738/248/5) | 1990
[85.763, 88.930] | (1739/248/5) | 1991
[85.770, 88.936] | (1740/248/5) | 1992
[85.777, 88.941] | (1741/248/5) | 1993
[85.784, 88.947] | (1742/248/5) | 1994
[85.791, 88.952] | (1743/248/5) | 1995
[85.798, 88.958] | (1744/248/5) | 1996
[85.805, 88.963] | (1745/248/5) | 1997
[85.812, 88.969] | (1746/248/5) | 1998
[85.819, 88.975] | (1747/248/5) | 1999
[85.774, 88.933] | (1747/249/5) | 2000
[85.781, 88.938] | (1748/249/5) | 2001
[85.736, 88.896] | (1748/250/5) | 2002
[85.743, 88.902] | (1749/250/5) | 2003
[85.750, 88.908] | (1750/250/5) | 2004
[85.757, 88.913] | (1751/250/5) | 2005
[85.764, 88.919] | (1752/250/5) | 2006
[85.771, 88.924] | (1753/250/5) | 2007
[85.778, 88.930] | (1754/250/5) | 2008
[85.785, 88.935] | (1755/250/5) | 2009
[85.792, 88.941] | (1756/250/5) | 2010
[85.799, 88.947] | (1757/250/5) | 2011
[85.806, 88.952] | (1758/250/5) | 2012
[85.813, 88.958] | (1759/250/5) | 2013
[85.820, 88.963] | (1760/250/5) | 2014
[85.827, 88.969] | (1761/250/5) | 2015
[85.834, 88.974] | (1762/250/5) | 2016
[85.841, 88.980] | (1763/250/5) | 2017
[85.848, 88.985] | (1764/250/5) | 2018
[85.803, 88.944] | (1764/251/5) | 2019
[85.810, 88.949] | (1765/251/5) | 2020
[85.817, 88.955] | (1766/251/5) | 2021
[85.824, 88.960] | (1767/251/5) | 2022
[85.779, 88.919] | (1767/252/5) | 2023
[85.786, 88.924] | (1768/252/5) | 2024
[85.793, 88.930] | (1769/252/5) | 2025
[85.800, 88.935] | (1770/252/5) | 2026
[85.807, 88.941] | (1771/252/5) | 2027
[85.814, 88.946] | (1772/252/5) | 2028
[85.821, 88.952] | (1773/252/5) | 2029
[85.776, 88.911] | (1773/253/5) | 2030
[85.783, 88.916] | (1774/253/5) | 2031
[85.790, 88.922] | (1775/253/5) | 2032
[85.797, 88.927] | (1776/253/5) | 2033
[85.804, 88.933] | (1777/253/5) | 2034
[85.811, 88.938] | (1778/253/5) | 2035
[85.818, 88.943] | (1779/253/5) | 2036
[85.825, 88.949] | (1780/253/5) | 2037
[85.831, 88.954] | (1781/253/5) | 2038
[85.838, 88.960] | (1782/253/5) | 2039
[85.845, 88.965] | (1783/253/5) | 2040
[85.852, 88.971] | (1784/253/5) | 2041
[85.859, 88.976] | (1785/253/5) | 2042
[85.866, 88.982] | (1786/253/5) | 2043
[85.873, 88.987] | (1787/253/5) | 2044
[85.879, 88.992] | (1788/253/5) | 2045
[85.886, 88.998] | (1789/253/5) | 2046
[85.893, 89.003] | (1790/253/5) | 2047
[85.900, 89.009] | (1791/253/5) | 2048
[85.907, 89.014] | (1792/253/5) | 2049
[85.863, 88.973] | (1792/254/5) | 2050
[85.869, 88.979] | (1793/254/5) | 2051
[85.876, 88.984] | (1794/254/5) | 2052
[85.883, 88.989] | (1795/254/5) | 2053
[85.890, 88.995] | (1796/254/5) | 2054
[85.897, 89.000] | (1797/254/5) | 2055
[85.903, 89.006] | (1798/254/5) | 2056
[85.910, 89.011] | (1799/254/5) | 2057
[85.917, 89.016] | (1800/254/5) | 2058
[85.873, 88.976] | (1800/255/5) | 2059
[85.829, 88.935] | (1800/256/5) | 2060
[85.836, 88.940] | (1801/256/5) | 2061
[85.843, 88.946] | (1802/256/5) | 2062
[85.849, 88.951] | (1803/256/5) | 2063
[85.856, 88.957] | (1804/256/5) | 2064
[85.863, 88.962] | (1805/256/5) | 2065
[85.870, 88.967] | (1806/256/5) | 2066
[85.876, 88.973] | (1807/256/5) | 2067
[85.883, 88.978] | (1808/256/5) | 2068
[85.890, 88.983] | (1809/256/5) | 2069
[85.897, 88.989] | (1810/256/5) | 2070
[85.903, 88.994] | (1811/256/5) | 2071
[85.910, 89.000] | (1812/256/5) | 2072
[85.867, 88.959] | (1812/257/5) | 2073
[85.873, 88.964] | (1813/257/5) | 2074
[85.880, 88.970] | (1814/257/5) | 2075
[85.836, 88.929] | (1814/258/5) | 2076
[85.843, 88.935] | (1815/258/5) | 2077
[85.850, 88.940] | (1816/258/5) | 2078
[85.857, 88.946] | (1817/258/5) | 2079
[85.863, 88.951] | (1818/258/5) | 2080
[85.870, 88.956] | (1819/258/5) | 2081
[85.877, 88.962] | (1820/258/5) | 2082
[85.884, 88.967] | (1821/258/5) | 2083
[85.890, 88.972] | (1822/258/5) | 2084
[85.897, 88.978] | (1823/258/5) | 2085
[85.904, 88.983] | (1824/258/5) | 2086
[85.860, 88.943] | (1824/259/5) | 2087
[85.867, 88.948] | (1825/259/5) | 2088
[85.874, 88.953] | (1826/259/5) | 2089
[85.880, 88.959] | (1827/259/5) | 2090
[85.887, 88.964] | (1828/259/5) | 2091
[85.894, 88.969] | (1829/259/5) | 2092
[85.900, 88.975] | (1830/259/5) | 2093
[85.907, 88.980] | (1831/259/5) | 2094
[85.914, 88.985] | (1832/259/5) | 2095
[85.920, 88.991] | (1833/259/5) | 2096
[85.927, 88.996] | (1834/259/5) | 2097
[85.934, 89.001] | (1835/259/5) | 2098
[85.940, 89.006] | (1836/259/5) | 2099
[85.947, 89.012] | (1837/259/5) | 2100
[85.954, 89.017] | (1838/259/5) | 2101
[85.960, 89.022] | (1839/259/5) | 2102
[85.967, 89.027] | (1840/259/5) | 2103
[85.973, 89.033] | (1841/259/5) | 2104
[85.980, 89.038] | (1842/259/5) | 2105
[85.987, 89.043] | (1843/259/5) | 2106
[85.993, 89.048] | (1844/259/5) | 2107
[86.000, 89.054] | (1845/259/5) | 2108
[86.006, 89.059] | (1846/259/5) | 2109
[86.013, 89.064] | (1847/259/5) | 2110
[86.019, 89.069] | (1848/259/5) | 2111
[86.026, 89.074] | (1849/259/5) | 2112
[86.033, 89.080] | (1850/259/5) | 2113
[85.990, 89.040] | (1850/260/5) | 2114
[85.996, 89.045] | (1851/260/5) | 2115
[86.003, 89.050] | (1852/260/5) | 2116
[86.009, 89.056] | (1853/260/5) | 2117
[86.016, 89.061] | (1854/260/5) | 2118
[85.973, 89.021] | (1854/261/5) | 2119
[85.980, 89.026] | (1855/261/5) | 2120
[85.986, 89.032] | (1856/261/5) | 2121
[85.993, 89.037] | (1857/261/5) | 2122
[85.999, 89.042] | (1858/261/5) | 2123
[86.006, 89.047] | (1859/261/5) | 2124
[86.012, 89.052] | (1860/261/5) | 2125
[86.019, 89.058] | (1861/261/5) | 2126
[85.976, 89.063] | (1861/261/6) | 2127
[85.983, 89.068] | (1862/261/6) | 2128
[85.989, 89.073] | (1863/261/6) | 2129
[85.996, 89.078] | (1864/261/6) | 2130
[86.002, 89.083] | (1865/261/6) | 2131
[86.009, 89.089] | (1866/261/6) | 2132
[86.015, 89.094] | (1867/261/6) | 2133
[86.022, 89.099] | (1868/261/6) | 2134
[86.028, 89.104] | (1869/261/6) | 2135
[86.035, 89.109] | (1870/261/6) | 2136
[85.992, 89.070] | (1870/262/6) | 2137
[85.950, 89.031] | (1870/263/6) | 2138
[85.956, 89.036] | (1871/263/6) | 2139
[85.963, 89.041] | (1872/263/6) | 2140
[85.969, 89.046] | (1873/263/6) | 2141
[85.976, 89.051] | (1874/263/6) | 2142
[85.982, 89.056] | (1875/263/6) | 2143
[85.989, 89.062] | (1876/263/6) | 2144
[85.995, 89.067] | (1877/263/6) | 2145
[86.002, 89.072] | (1878/263/6) | 2146
[86.008, 89.077] | (1879/263/6) | 2147
[86.015, 89.082] | (1880/263/6) | 2148
[86.021, 89.087] | (1881/263/6) | 2149
[86.027, 89.092] | (1882/263/6) | 2150
[86.034, 89.097] | (1883/263/6) | 2151
[85.992, 89.058] | (1883/264/6) | 2152
[85.998, 89.063] | (1884/264/6) | 2153
[86.005, 89.069] | (1885/264/6) | 2154
[86.011, 89.074] | (1886/264/6) | 2155
[86.018, 89.079] | (1887/264/6) | 2156
[86.024, 89.084] | (1888/264/6) | 2157
[86.030, 89.089] | (1889/264/6) | 2158
[86.037, 89.094] | (1890/264/6) | 2159
[86.043, 89.099] | (1891/264/6) | 2160
[86.050, 89.104] | (1892/264/6) | 2161
[86.056, 89.109] | (1893/264/6) | 2162
[86.062, 89.114] | (1894/264/6) | 2163
[86.069, 89.119] | (1895/264/6) | 2164
[86.075, 89.124] | (1896/264/6) | 2165
[86.033, 89.086] | (1896/265/6) | 2166
[85.991, 89.047] | (1896/266/6) | 2167
[85.998, 89.052] | (1897/266/6) | 2168
[86.004, 89.057] | (1898/266/6) | 2169
[86.011, 89.062] | (1899/266/6) | 2170
[86.017, 89.067] | (1900/266/6) | 2171
[86.023, 89.072] | (1901/266/6) | 2172
[86.030, 89.077] | (1902/266/6) | 2173
[86.036, 89.082] | (1903/266/6) | 2174
[86.042, 89.088] | (1904/266/6) | 2175
[86.001, 89.049] | (1904/267/6) | 2176
[86.007, 89.054] | (1905/267/6) | 2177
[86.013, 89.059] | (1906/267/6) | 2178
[86.020, 89.064] | (1907/267/6) | 2179
[86.026, 89.069] | (1908/267/6) | 2180
[86.033, 89.074] | (1909/267/6) | 2181
[86.039, 89.079] | (1910/267/6) | 2182
[86.045, 89.084] | (1911/267/6) | 2183
[86.052, 89.089] | (1912/267/6) | 2184
[86.058, 89.094] | (1913/267/6) | 2185
[86.064, 89.099] | (1914/267/6) | 2186
[86.070, 89.104] | (1915/267/6) | 2187
[86.077, 89.109] | (1916/267/6) | 2188
[86.083, 89.114] | (1917/267/6) | 2189
[86.089, 89.119] | (1918/267/6) | 2190
[86.096, 89.124] | (1919/267/6) | 2191
[86.102, 89.129] | (1920/267/6) | 2192
[86.108, 89.134] | (1921/267/6) | 2193
[86.115, 89.139] | (1922/267/6) | 2194
[86.121, 89.144] | (1923/267/6) | 2195
[86.127, 89.149] | (1924/267/6) | 2196
[86.086, 89.111] | (1924/268/6) | 2197
[86.044, 89.073] | (1924/269/6) | 2198
[86.051, 89.078] | (1925/269/6) | 2199
[86.057, 89.083] | (1926/269/6) | 2200
[86.063, 89.088] | (1927/269/6) | 2201
[86.070, 89.093] | (1928/269/6) | 2202
[86.076, 89.098] | (1929/269/6) | 2203
[86.082, 89.103] | (1930/269/6) | 2204
[86.041, 89.065] | (1930/270/6) | 2205
[86.047, 89.070] | (1931/270/6) | 2206
[86.054, 89.075] | (1932/270/6) | 2207
[86.060, 89.080] | (1933/270/6) | 2208
[86.066, 89.085] | (1934/270/6) | 2209
[86.072, 89.090] | (1935/270/6) | 2210
[86.079, 89.095] | (1936/270/6) | 2211
[86.085, 89.099] | (1937/270/6) | 2212
[86.044, 89.061] | (1937/271/6) | 2213
[86.050, 89.066] | (1938/271/6) | 2214
[86.009, 89.029] | (1938/272/6) | 2215
[86.015, 89.034] | (1939/272/6) | 2216
[86.022, 89.039] | (1940/272/6) | 2217
[85.981, 89.001] | (1940/273/6) | 2218
[85.987, 89.006] | (1941/273/6) | 2219
[85.946, 88.968] | (1941/274/6) | 2220
[85.952, 88.973] | (1942/274/6) | 2221
[85.959, 88.978] | (1943/274/6) | 2222
[85.965, 88.983] | (1944/274/6) | 2223
[85.971, 88.988] | (1945/274/6) | 2224
[85.978, 88.993] | (1946/274/6) | 2225
[85.937, 88.955] | (1946/275/6) | 2226
[85.896, 88.917] | (1946/276/6) | 2227
[85.902, 88.922] | (1947/276/6) | 2228
[85.909, 88.927] | (1948/276/6) | 2229
[85.915, 88.932] | (1949/276/6) | 2230
[85.874, 88.895] | (1949/277/6) | 2231
[85.881, 88.900] | (1950/277/6) | 2232
[85.887, 88.905] | (1951/277/6) | 2233
[85.893, 88.910] | (1952/277/6) | 2234
[85.899, 88.915] | (1953/277/6) | 2235
[85.906, 88.920] | (1954/277/6) | 2236
[85.912, 88.925] | (1955/277/6) | 2237
[85.872, 88.887] | (1955/278/6) | 2238
[85.831, 88.850] | (1955/279/6) | 2239
[85.837, 88.855] | (1956/279/6) | 2240
[85.844, 88.860] | (1957/279/6) | 2241
[85.850, 88.865] | (1958/279/6) | 2242
[85.856, 88.870] | (1959/279/6) | 2243
[85.862, 88.875] | (1960/279/6) | 2244
[85.869, 88.880] | (1961/279/6) | 2245
[85.875, 88.885] | (1962/279/6) | 2246
[85.881, 88.890] | (1963/279/6) | 2247
[85.887, 88.895] | (1964/279/6) | 2248
[85.894, 88.900] | (1965/279/6) | 2249
[85.900, 88.905] | (1966/279/6) | 2250
[85.906, 88.910] | (1967/279/6) | 2251
[85.912, 88.914] | (1968/279/6) | 2252
[85.918, 88.919] | (1969/279/6) | 2253
[85.925, 88.924] | (1970/279/6) | 2254
[85.931, 88.929] | (1971/279/6) | 2255
[85.891, 88.892] | (1971/280/6) | 2256
[85.897, 88.897] | (1972/280/6) | 2257
[85.903, 88.902] | (1973/280/6) | 2258
[85.909, 88.907] | (1974/280/6) | 2259
[85.915, 88.912] | (1975/280/6) | 2260
[85.922, 88.917] | (1976/280/6) | 2261
[85.928, 88.922] | (1977/280/6) | 2262
[85.934, 88.927] | (1978/280/6) | 2263
[85.940, 88.932] | (1979/280/6) | 2264
[85.946, 88.937] | (1980/280/6) | 2265
[85.952, 88.941] | (1981/280/6) | 2266
[85.912, 88.904] | (1981/281/6) | 2267
[85.919, 88.909] | (1982/281/6) | 2268
[85.925, 88.914] | (1983/281/6) | 2269
[85.931, 88.919] | (1984/281/6) | 2270
[85.937, 88.924] | (1985/281/6) | 2271
[85.943, 88.929] | (1986/281/6) | 2272
[85.949, 88.934] | (1987/281/6) | 2273
[85.955, 88.939] | (1988/281/6) | 2274
[85.962, 88.944] | (1989/281/6) | 2275
[85.968, 88.949] | (1990/281/6) | 2276
[85.974, 88.953] | (1991/281/6) | 2277
[85.980, 88.958] | (1992/281/6) | 2278
[85.940, 88.921] | (1992/282/6) | 2279
[85.946, 88.926] | (1993/282/6) | 2280
[85.952, 88.931] | (1994/282/6) | 2281
[85.913, 88.894] | (1994/283/6) | 2282
[85.919, 88.899] | (1995/283/6) | 2283
[85.925, 88.904] | (1996/283/6) | 2284
[85.885, 88.867] | (1996/284/6) | 2285
[85.892, 88.872] | (1997/284/6) | 2286
[85.898, 88.877] | (1998/284/6) | 2287
[85.904, 88.882] | (1999/284/6) | 2288
[85.910, 88.887] | (2000/284/6) | 2289
[85.916, 88.892] | (2001/284/6) | 2290
[85.922, 88.897] | (2002/284/6) | 2291
[85.928, 88.902] | (2003/284/6) | 2292
[85.934, 88.907] | (2004/284/6) | 2293
[85.940, 88.911] | (2005/284/6) | 2294
[85.946, 88.916] | (2006/284/6) | 2295
[85.907, 88.880] | (2006/285/6) | 2296
[85.913, 88.885] | (2007/285/6) | 2297
[85.874, 88.848] | (2007/286/6) | 2298
[85.834, 88.812] | (2007/287/6) | 2299
[85.841, 88.816] | (2008/287/6) | 2300
[85.801, 88.780] | (2008/288/6) | 2301
[85.762, 88.744] | (2008/289/6) | 2302
[85.768, 88.748] | (2009/289/6) | 2303
[85.729, 88.712] | (2009/290/6) | 2304
[85.735, 88.717] | (2010/290/6) | 2305
[85.741, 88.722] | (2011/290/6) | 2306
[85.747, 88.727] | (2012/290/6) | 2307
[85.708, 88.690] | (2012/291/6) | 2308
[85.669, 88.654] | (2012/292/6) | 2309
[85.676, 88.659] | (2013/292/6) | 2310
[85.637, 88.623] | (2013/293/6) | 2311
[85.643, 88.628] | (2014/293/6) | 2312
[85.649, 88.633] | (2015/293/6) | 2313
[85.655, 88.638] | (2016/293/6) | 2314
[85.661, 88.643] | (2017/293/6) | 2315
[85.667, 88.648] | (2018/293/6) | 2316
[85.673, 88.652] | (2019/293/6) | 2317
[85.635, 88.616] | (2019/294/6) | 2318
[85.641, 88.621] | (2020/294/6) | 2319
[85.647, 88.626] | (2021/294/6) | 2320
[85.653, 88.631] | (2022/294/6) | 2321
[85.659, 88.636] | (2023/294/6) | 2322
[85.665, 88.641] | (2024/294/6) | 2323
[85.671, 88.646] | (2025/294/6) | 2324
[85.677, 88.651] | (2026/294/6) | 2325
[85.683, 88.656] | (2027/294/6) | 2326
[85.690, 88.661] | (2028/294/6) | 2327
[85.696, 88.666] | (2029/294/6) | 2328
[85.702, 88.670] | (2030/294/6) | 2329
[85.708, 88.675] | (2031/294/6) | 2330
[85.714, 88.680] | (2032/294/6) | 2331
[85.720, 88.685] | (2033/294/6) | 2332
[85.726, 88.690] | (2034/294/6) | 2333
[85.732, 88.695] | (2035/294/6) | 2334
[85.738, 88.700] | (2036/294/6) | 2335
[85.744, 88.705] | (2037/294/6) | 2336
[85.750, 88.709] | (2038/294/6) | 2337
[85.756, 88.714] | (2039/294/6) | 2338
[85.718, 88.678] | (2039/295/6) | 2339
[85.724, 88.683] | (2040/295/6) | 2340
[85.730, 88.688] | (2041/295/6) | 2341
[85.736, 88.693] | (2042/295/6) | 2342
[85.742, 88.698] | (2043/295/6) | 2343
[85.748, 88.703] | (2044/295/6) | 2344
[85.754, 88.708] | (2045/295/6) | 2345
[85.760, 88.712] | (2046/295/6) | 2346
[85.766, 88.717] | (2047/295/6) | 2347
[85.772, 88.722] | (2048/295/6) | 2348
[85.778, 88.727] | (2049/295/6) | 2349
[85.784, 88.732] | (2050/295/6) | 2350
[85.790, 88.737] | (2051/295/6) | 2351
[85.796, 88.741] | (2052/295/6) | 2352
[85.758, 88.706] | (2052/296/6) | 2353
[85.764, 88.711] | (2053/296/6) | 2354
[85.770, 88.715] | (2054/296/6) | 2355
[85.776, 88.720] | (2055/296/6) | 2356
[85.782, 88.725] | (2056/296/6) | 2357
[85.788, 88.730] | (2057/296/6) | 2358
[85.794, 88.735] | (2058/296/6) | 2359
[85.800, 88.739] | (2059/296/6) | 2360
[85.805, 88.744] | (2060/296/6) | 2361
[85.811, 88.749] | (2061/296/6) | 2362
[85.817, 88.754] | (2062/296/6) | 2363
[85.823, 88.759] | (2063/296/6) | 2364
[85.829, 88.763] | (2064/296/6) | 2365
[85.835, 88.768] | (2065/296/6) | 2366
[85.841, 88.773] | (2066/296/6) | 2367
[85.847, 88.778] | (2067/296/6) | 2368
[85.853, 88.783] | (2068/296/6) | 2369
[85.859, 88.787] | (2069/296/6) | 2370
[85.865, 88.792] | (2070/296/6) | 2371
[85.827, 88.797] | (2070/296/7) | 2372
[85.833, 88.802] | (2071/296/7) | 2373
[85.839, 88.806] | (2072/296/7) | 2374
[85.844, 88.811] | (2073/296/7) | 2375
[85.850, 88.816] | (2074/296/7) | 2376
[85.812, 88.780] | (2074/297/7) | 2377
[85.775, 88.745] | (2074/298/7) | 2378
[85.780, 88.750] | (2075/298/7) | 2379
[85.786, 88.755] | (2076/298/7) | 2380
[85.792, 88.759] | (2077/298/7) | 2381
[85.798, 88.764] | (2078/298/7) | 2382
[85.804, 88.769] | (2079/298/7) | 2383
[85.810, 88.774] | (2080/298/7) | 2384
[85.816, 88.778] | (2081/298/7) | 2385
[85.822, 88.783] | (2082/298/7) | 2386
[85.828, 88.788] | (2083/298/7) | 2387
[85.834, 88.793] | (2084/298/7) | 2388
[85.796, 88.757] | (2084/299/7) | 2389
[85.802, 88.762] | (2085/299/7) | 2390
[85.808, 88.767] | (2086/299/7) | 2391
[85.813, 88.772] | (2087/299/7) | 2392
[85.819, 88.776] | (2088/299/7) | 2393
[85.782, 88.741] | (2088/300/7) | 2394
[85.788, 88.746] | (2089/300/7) | 2395
[85.793, 88.751] | (2090/300/7) | 2396
[85.799, 88.755] | (2091/300/7) | 2397
[85.762, 88.720] | (2091/301/7) | 2398
[85.768, 88.725] | (2092/301/7) | 2399
[85.773, 88.730] | (2093/301/7) | 2400
[85.779, 88.735] | (2094/301/7) | 2401
[85.785, 88.739] | (2095/301/7) | 2402
[85.791, 88.744] | (2096/301/7) | 2403
[85.797, 88.749] | (2097/301/7) | 2404
[85.803, 88.753] | (2098/301/7) | 2405
[85.809, 88.758] | (2099/301/7) | 2406
[85.814, 88.763] | (2100/301/7) | 2407
[85.777, 88.728] | (2100/302/7) | 2408
[85.783, 88.733] | (2101/302/7) | 2409
[85.789, 88.737] | (2102/302/7) | 2410
[85.795, 88.742] | (2103/302/7) | 2411
[85.800, 88.747] | (2104/302/7) | 2412
[85.763, 88.712] | (2104/303/7) | 2413
[85.769, 88.717] | (2105/303/7) | 2414
[85.775, 88.721] | (2106/303/7) | 2415
[85.781, 88.726] | (2107/303/7) | 2416
[85.786, 88.731] | (2108/303/7) | 2417
[85.792, 88.735] | (2109/303/7) | 2418
[85.755, 88.701] | (2109/304/7) | 2419
[85.761, 88.705] | (2110/304/7) | 2420
[85.767, 88.710] | (2111/304/7) | 2421
[85.729, 88.675] | (2111/305/7) | 2422
[85.735, 88.680] | (2112/305/7) | 2423
[85.741, 88.685] | (2113/305/7) | 2424
[85.747, 88.690] | (2114/305/7) | 2425
[85.753, 88.694] | (2115/305/7) | 2426
[85.759, 88.699] | (2116/305/7) | 2427
[85.764, 88.704] | (2117/305/7) | 2428
[85.770, 88.708] | (2118/305/7) | 2429
[85.776, 88.713] | (2119/305/7) | 2430
[85.782, 88.718] | (2120/305/7) | 2431
[85.788, 88.722] | (2121/305/7) | 2432
[85.793, 88.727] | (2122/305/7) | 2433
[85.799, 88.732] | (2123/305/7) | 2434
[85.805, 88.736] | (2124/305/7) | 2435
[85.811, 88.741] | (2125/305/7) | 2436
[85.774, 88.707] | (2125/306/7) | 2437
[85.780, 88.711] | (2126/306/7) | 2438
[85.785, 88.716] | (2127/306/7) | 2439
[85.791, 88.720] | (2128/306/7) | 2440
[85.797, 88.725] | (2129/306/7) | 2441
[85.803, 88.730] | (2130/306/7) | 2442
[85.808, 88.734] | (2131/306/7) | 2443
[85.814, 88.739] | (2132/306/7) | 2444
[85.820, 88.744] | (2133/306/7) | 2445
[85.826, 88.748] | (2134/306/7) | 2446
[85.831, 88.753] | (2135/306/7) | 2447
[85.795, 88.719] | (2135/307/7) | 2448
[85.800, 88.723] | (2136/307/7) | 2449
[85.806, 88.728] | (2137/307/7) | 2450
[85.812, 88.733] | (2138/307/7) | 2451
[85.818, 88.737] | (2139/307/7) | 2452
[85.823, 88.742] | (2140/307/7) | 2453
[85.829, 88.746] | (2141/307/7) | 2454
[85.835, 88.751] | (2142/307/7) | 2455
[85.798, 88.717] | (2142/308/7) | 2456
[85.804, 88.721] | (2143/308/7) | 2457
[85.809, 88.726] | (2144/308/7) | 2458
[85.815, 88.731] | (2145/308/7) | 2459
[85.821, 88.735] | (2146/308/7) | 2460
[85.827, 88.740] | (2147/308/7) | 2461
[85.832, 88.744] | (2148/308/7) | 2462
[85.838, 88.749] | (2149/308/7) | 2463
[85.844, 88.754] | (2150/308/7) | 2464
[85.849, 88.758] | (2151/308/7) | 2465
[85.813, 88.724] | (2151/309/7) | 2466
[85.776, 88.690] | (2151/310/7) | 2467
[85.782, 88.695] | (2152/310/7) | 2468
[85.788, 88.699] | (2153/310/7) | 2469
[85.793, 88.704] | (2154/310/7) | 2470
[85.757, 88.670] | (2154/311/7) | 2471
[85.763, 88.675] | (2155/311/7) | 2472
[85.768, 88.679] | (2156/311/7) | 2473
[85.774, 88.684] | (2157/311/7) | 2474
[85.780, 88.688] | (2158/311/7) | 2475
[85.785, 88.693] | (2159/311/7) | 2476
[85.791, 88.698] | (2160/311/7) | 2477
[85.797, 88.702] | (2161/311/7) | 2478
[85.803, 88.707] | (2162/311/7) | 2479
[85.808, 88.711] | (2163/311/7) | 2480
[85.772, 88.677] | (2163/312/7) | 2481
[85.778, 88.682] | (2164/312/7) | 2482
[85.783, 88.687] | (2165/312/7) | 2483
[85.789, 88.691] | (2166/312/7) | 2484
[85.795, 88.696] | (2167/312/7) | 2485
[85.800, 88.700] | (2168/312/7) | 2486
[85.806, 88.705] | (2169/312/7) | 2487
[85.812, 88.710] | (2170/312/7) | 2488
[85.817, 88.714] | (2171/312/7) | 2489
[85.823, 88.719] | (2172/312/7) | 2490
[85.787, 88.685] | (2172/313/7) | 2491
[85.792, 88.689] | (2173/313/7) | 2492
[85.756, 88.656] | (2173/314/7) | 2493
[85.762, 88.660] | (2174/314/7) | 2494
[85.768, 88.665] | (2175/314/7) | 2495
[85.773, 88.669] | (2176/314/7) | 2496
[85.779, 88.674] | (2177/314/7) | 2497
[85.743, 88.640] | (2177/315/7) | 2498
[85.748, 88.645] | (2178/315/7) | 2499

7 intractable -> further exploration revealed 6 solvable, 1 unsolvable,
giving confidence interval of [86.0, 88.6]. Compare this with the range
calculated int the paper of [86.2, 88.8]. The two can be combined to give
[86.5, 88.3].
