Calculating solvability percentage...

[Lower Bound, Upper Bound] | (Solvable/Unsolvable/Intractable) | Current seed
[0.000, 83.251] | (0/1/0) | 0
[0.000, 70.978] | (0/2/0) | 1
[0.000, 61.748] | (0/3/0) | 2
[0.000, 54.596] | (0/4/0) | 3
[0.000, 48.906] | (0/5/0) | 4
[0.000, 58.220] | (0/5/1) | 5
[0.000, 53.350] | (0/6/1) | 6
[0.000, 49.218] | (0/7/1) | 7
[0.000, 45.672] | (0/8/1) | 8
[0.000, 42.597] | (0/9/1) | 9
[0.000, 39.907] | (0/10/1) | 10
[0.000, 37.534] | (0/11/1) | 11
[0.000, 35.426] | (0/12/1) | 12
[0.000, 33.540] | (0/13/1) | 13
[0.000, 31.844] | (0/14/1) | 14
[0.000, 30.311] | (0/15/1) | 15
[0.000, 28.918] | (0/16/1) | 16
[0.000, 27.647] | (0/17/1) | 17
[0.000, 26.482] | (0/18/1) | 18
[0.000, 25.412] | (0/19/1) | 19
[0.000, 24.424] | (0/20/1) | 20
[0.000, 23.511] | (0/21/1) | 21
[0.000, 22.663] | (0/22/1) | 22
[0.000, 27.003] | (0/22/2) | 23
[0.000, 26.102] | (0/23/2) | 24
[0.000, 25.260] | (0/24/2) | 25
[0.000, 24.469] | (0/25/2) | 26
[0.000, 23.727] | (0/26/2) | 27
[0.000, 23.028] | (0/27/2) | 28
[0.000, 26.418] | (0/27/3) | 29
[0.000, 25.687] | (0/28/3) | 30
[0.000, 24.997] | (0/29/3) | 31
[0.000, 27.930] | (0/29/4) | 32
[0.000, 30.606] | (0/29/5) | 33
[0.000, 29.852] | (0/30/5) | 34
[0.000, 29.135] | (0/31/5) | 35
[0.000, 28.451] | (0/32/5) | 36
[0.000, 27.799] | (0/33/5) | 37
[0.000, 27.175] | (0/34/5) | 38
[0.000, 26.579] | (0/35/5) | 39
[0.000, 26.008] | (0/36/5) | 40
[0.000, 25.461] | (0/37/5) | 41
[0.000, 24.937] | (0/38/5) | 42
[0.000, 27.089] | (0/38/6) | 43
[0.000, 26.555] | (0/39/6) | 44
[0.000, 26.042] | (0/40/6) | 45
[0.000, 25.548] | (0/41/6) | 46
[0.000, 25.073] | (0/42/6) | 47
[0.000, 24.615] | (0/43/6) | 48
[0.000, 24.173] | (0/44/6) | 49
[0.000, 23.747] | (0/45/6) | 50
[0.000, 23.335] | (0/46/6) | 51
[0.000, 25.150] | (0/46/7) | 52
[0.000, 24.731] | (0/47/7) | 53
[0.000, 24.324] | (0/48/7) | 54
[0.000, 23.931] | (0/49/7) | 55
[0.000, 23.551] | (0/50/7) | 56
[0.000, 23.182] | (0/51/7) | 57
[0.000, 22.825] | (0/52/7) | 58
[0.000, 24.427] | (0/52/8) | 59
[0.000, 24.062] | (0/53/8) | 60
[0.000, 25.571] | (0/53/9) | 61
[0.000, 25.202] | (0/54/9) | 62
[0.000, 24.843] | (0/55/9) | 63
[0.000, 24.494] | (0/56/9) | 64
[0.000, 24.155] | (0/57/9) | 65
[0.000, 25.539] | (0/57/10) | 66
[0.000, 25.196] | (0/58/10) | 67
[0.000, 26.511] | (0/58/11) | 68
[0.000, 26.164] | (0/59/11) | 69
[0.000, 25.827] | (0/60/11) | 70
[0.000, 25.498] | (0/61/11) | 71
[0.000, 25.177] | (0/62/11) | 72
[0.000, 24.864] | (0/63/11) | 73
[0.000, 24.559] | (0/64/11) | 74
[0.000, 24.262] | (0/65/11) | 75
[0.000, 23.971] | (0/66/11) | 76
[0.000, 23.687] | (0/67/11) | 77
[0.000, 24.856] | (0/67/12) | 78
[0.000, 24.569] | (0/68/12) | 79
[0.000, 24.289] | (0/69/12) | 80
[0.000, 24.015] | (0/70/12) | 81
[0.000, 25.116] | (0/70/13) | 82
[0.000, 24.839] | (0/71/13) | 83
[0.000, 24.568] | (0/72/13) | 84
[0.000, 25.617] | (0/72/14) | 85
[0.000, 25.344] | (0/73/14) | 86
[0.000, 25.077] | (0/74/14) | 87
[0.000, 24.816] | (0/75/14) | 88
[0.000, 24.560] | (0/76/14) | 89
[0.000, 24.309] | (0/77/14) | 90
[0.000, 24.063] | (0/78/14) | 91
[0.000, 23.822] | (0/79/14) | 92
[0.000, 23.586] | (0/80/14) | 93
[0.000, 23.354] | (0/81/14) | 94
[0.000, 23.127] | (0/82/14) | 95
[0.000, 22.905] | (0/83/14) | 96
[0.000, 22.686] | (0/84/14) | 97
[0.000, 22.472] | (0/85/14) | 98
[0.000, 22.262] | (0/86/14) | 99
[0.000, 22.055] | (0/87/14) | 100
[0.000, 21.853] | (0/88/14) | 101
[0.000, 21.654] | (0/89/14) | 102
[0.000, 22.555] | (0/89/15) | 103
[0.000, 22.354] | (0/90/15) | 104
[0.000, 22.156] | (0/91/15) | 105
[0.000, 21.961] | (0/92/15) | 106
[0.000, 21.770] | (0/93/15) | 107
[0.000, 21.583] | (0/94/15) | 108
[0.000, 21.398] | (0/95/15) | 109
[0.000, 21.217] | (0/96/15) | 110
[0.000, 21.038] | (0/97/15) | 111
[0.000, 20.863] | (0/98/15) | 112
[0.000, 20.690] | (0/99/15) | 113
[0.000, 20.521] | (0/100/15) | 114
[0.000, 20.354] | (0/101/15) | 115
[0.000, 21.167] | (0/101/16) | 116
[0.000, 20.997] | (0/102/16) | 117
[0.000, 20.831] | (0/103/16) | 118
[0.000, 20.667] | (0/104/16) | 119
[0.000, 20.506] | (0/105/16) | 120
[0.000, 20.347] | (0/106/16) | 121
[0.000, 20.190] | (0/107/16) | 122
[0.000, 20.036] | (0/108/16) | 123
[0.000, 19.884] | (0/109/16) | 124
[0.000, 19.735] | (0/110/16) | 125
[0.000, 20.487] | (0/110/17) | 126
[0.000, 20.336] | (0/111/17) | 127
[0.000, 20.186] | (0/112/17) | 128
[0.000, 20.039] | (0/113/17) | 129
[0.000, 19.894] | (0/114/17) | 130

